#                                                                            --- full sequence --- -------------- this domain -------------   hmm coord   ali coord   env coord
# target name        accession   tlen query name           accession   qlen   E-value  score  bias   #  of  c-Evalue  i-Evalue  score  bias  from    to  from    to  from    to  acc description of target
#------------------- ---------- ----- -------------------- ---------- ----- --------- ------ ----- --- --- --------- --------- ------ ----- ----- ----- ----- ----- ----- ----- ---- ---------------------
GH12.hmm             -            156 ABW02444.1           -            284   3.3e-28   94.5   0.0   1   1   5.6e-31   4.9e-28   93.9   0.0     1   149   101   272   101   275 0.90 -
GH12.hmm             -            156 AAL80978.1           -            319   2.4e-34  114.4   1.4   1   1   3.9e-37   3.4e-34  113.9   1.4     1   148   147   304   147   311 0.92 -
GH12.hmm             -            156 CZS63539.1           -            311   5.1e-37  123.1   5.2   1   2     0.036        32    0.3   3.2    66   111    65   108     7   124 0.73 -
GH12.hmm             -            156 CZS63539.1           -            311   5.1e-37  123.1   5.2   2   2   5.8e-40   5.1e-37  123.1   5.2     1   153   136   307   136   310 0.92 -
GH12.hmm             -            156 CAC24331.1           -            322   5.8e-31  103.4   1.6   1   1   1.1e-33   9.7e-31  102.7   1.6     1   144   144   307   144   318 0.90 -
GH12.hmm             -            156 AAK41590.1           -            332   2.6e-37  124.0   5.4   1   2     0.092        80   -1.0   2.9    69   110    88   128    29   144 0.62 -
GH12.hmm             -            156 AAK41590.1           -            332   2.6e-37  124.0   5.4   2   2     3e-40   2.6e-37  124.0   5.4     1   153   157   328   157   331 0.93 -
GH5_1.hmm            -            315 ALV63957.1           -           1303  2.1e-123  407.6   1.9   1   1  1.4e-124  3.7e-123  406.8   1.9     7   315    61   390    56   390 0.95 -
GH12.hmm             -            156 ALV63957.1           -           1303   4.8e-60  197.9   1.1   1   2   2.3e-25   6.4e-24   80.5   0.0     1   143   584   736   584   746 0.92 -
GH12.hmm             -            156 ALV63957.1           -           1303   4.8e-60  197.9   1.1   2   2   5.2e-36   1.4e-34  115.2   0.7     1   155   906  1068   906  1069 0.94 -
GH5_20.hmm           -            345 ALV63957.1           -           1303   1.4e-54  181.1   0.5   1   1   5.6e-54   1.5e-52  174.5   0.5     2   344    58   385    57   386 0.86 -
GH5.hmm              -            275 ALV63957.1           -           1303   1.2e-52  174.9   7.9   1   1   8.2e-54   2.2e-52  174.0   7.9     8   242    59   392    53   410 0.81 -
GH5_24.hmm           -            314 ALV63957.1           -           1303   3.8e-44  146.9   0.1   1   1   2.1e-45   5.8e-44  146.3   0.1     7   311    61   385    56   388 0.89 -
GH5_51.hmm           -            354 ALV63957.1           -           1303   3.6e-32  107.5   0.3   1   1     9e-33   2.5e-31  104.8   0.3    43   349    78   381    68   385 0.85 -
GH5_53.hmm           -            383 ALV63957.1           -           1303   8.9e-29   96.4  12.6   1   3   1.8e-05   0.00049   14.9   0.0    21   100    85   159    62   166 0.83 -
GH5_53.hmm           -            383 ALV63957.1           -           1303   8.9e-29   96.4  12.6   2   3   2.3e-15   6.3e-14   47.5   0.7   187   276   229   314   169   323 0.81 -
GH5_53.hmm           -            383 ALV63957.1           -           1303   8.9e-29   96.4  12.6   3   3   2.9e-11   8.1e-10   34.0   6.0   300   383   319   390   315   390 0.88 -
CBM2.hmm             -            101 ALV63957.1           -           1303   4.3e-26   87.1  17.6   1   4       6.4   1.8e+02   -1.5   1.5    41    96   436   449   395   497 0.66 -
CBM2.hmm             -            101 ALV63957.1           -           1303   4.3e-26   87.1  17.6   2   4       5.9   1.6e+02   -1.4   0.0    43    62   544   563   535   574 0.81 -
CBM2.hmm             -            101 ALV63957.1           -           1303   4.3e-26   87.1  17.6   3   4   2.7e-10   7.3e-09   31.8   0.3     4    86  1106  1179  1104  1192 0.84 -
CBM2.hmm             -            101 ALV63957.1           -           1303   4.3e-26   87.1  17.6   4   4   2.1e-20   5.7e-19   64.3   1.2     3    89  1209  1293  1208  1301 0.93 -
GH5_8.hmm            -            255 ALV63957.1           -           1303   6.2e-21   70.7   0.0   1   1   3.7e-22     1e-20   70.0   0.0    10   253    64   389    57   391 0.80 -
GH5_46.hmm           -            262 ALV63957.1           -           1303   6.3e-12   41.2   0.1   1   1   1.8e-12   4.9e-11   38.2   0.1    22   179    93   260    84   385 0.79 -
GH5_5.hmm            -            282 ALV63957.1           -           1303   2.2e-11   39.2   0.0   1   1   1.7e-12   4.7e-11   38.1   0.0     3   199    67   301    65   312 0.74 -
GH5_28.hmm           -            335 ALV63957.1           -           1303   2.9e-11   38.6   0.6   1   2       3.4        94   -2.6   0.0    34    60    90   116    83   158 0.55 -
GH5_28.hmm           -            335 ALV63957.1           -           1303   2.9e-11   38.6   0.6   2   2   4.7e-12   1.3e-10   36.4   0.5   148   331   175   385   162   388 0.74 -
GH5_11.hmm           -            335 ALV63957.1           -           1303   3.2e-11   38.8   0.0   1   1     1e-09   2.9e-08   29.1   0.0    10   333    64   380    57   382 0.77 -
GH5_25.hmm           -            279 ALV63957.1           -           1303   7.1e-11   37.4   0.0   1   2   3.1e-09   8.5e-08   27.3   0.0    14   127    81   207    67   218 0.77 -
GH5_25.hmm           -            279 ALV63957.1           -           1303   7.1e-11   37.4   0.0   2   2    0.0031     0.085    7.6   0.1   234   277   337   382   328   384 0.85 -
GH5_27.hmm           -            348 ALV63957.1           -           1303   1.7e-10   36.4   0.6   1   2   2.4e-05   0.00065   14.7   0.0    40    93    93   157    65   159 0.70 -
GH5_27.hmm           -            348 ALV63957.1           -           1303   1.7e-10   36.4   0.6   2   2   1.1e-06   2.9e-05   19.2   0.3   175   278   177   301   166   379 0.76 -
GH5_16.hmm           -            340 ALV63957.1           -           1303   2.8e-09   32.3   0.0   1   2   3.9e-06   0.00011   17.2   0.0     7    57    61   112    53   123 0.86 -
GH5_16.hmm           -            340 ALV63957.1           -           1303   2.8e-09   32.3   0.0   2   2   7.9e-05    0.0022   12.9   0.0   102   339   133   381   115   382 0.73 -
GH5_39.hmm           -            312 ALV63957.1           -           1303   5.8e-09   31.4   0.0   1   1   4.2e-10   1.1e-08   30.4   0.0     2   191    70   305    69   308 0.81 -
GH5_26.hmm           -            278 ALV63957.1           -           1303   9.6e-08   27.2   5.0   1   1   5.2e-08   1.4e-06   23.4   5.0    61   271   134   384    79   388 0.73 -
GH5_37.hmm           -            308 ALV63957.1           -           1303   1.3e-07   26.9   0.0   1   1   9.3e-09   2.6e-07   26.0   0.0    22   162    92   257    87   262 0.83 -
GH5_54.hmm           -            263 ALV63957.1           -           1303   1.8e-07   26.7   0.0   1   1   2.9e-08   7.9e-07   24.6   0.0    17   132    92   208    80   269 0.76 -
GH5_47.hmm           -            271 ALV63957.1           -           1303   1.9e-07   26.6   0.3   1   2   3.1e-08   8.5e-07   24.4   0.0    18   133    94   209    80   217 0.77 -
GH5_47.hmm           -            271 ALV63957.1           -           1303   1.9e-07   26.6   0.3   2   2       7.9   2.2e+02   -3.2   0.1   173   195   871   893   859   899 0.73 -
GH5_4.hmm            -            276 ALV63957.1           -           1303   2.4e-07   26.4   0.0   1   1   1.5e-07     4e-06   22.4   0.0    12   273    89   380    83   384 0.68 -
GH5_22.hmm           -            288 ALV63957.1           -           1303   8.4e-07   24.8   0.0   1   1   2.1e-07   5.7e-06   22.0   0.0    30   177    95   260    87   373 0.72 -
GH5_2.hmm            -            237 ALV63957.1           -           1303   8.5e-07   24.5   0.0   1   1   1.9e-07   5.1e-06   21.9   0.0    35   232    98   372    62   376 0.78 -
GH5_29.hmm           -            342 ALV63957.1           -           1303   1.8e-05   19.9   0.0   1   2       1.4        39   -0.9   0.0    72    95   135   158    90   162 0.84 -
GH5_29.hmm           -            342 ALV63957.1           -           1303   1.8e-05   19.9   0.0   2   2     4e-06   0.00011   17.3   0.0   164   267   176   304   165   388 0.71 -
GH5_50.hmm           -            284 ALV63957.1           -           1303     2e-05   19.7   0.0   1   1   2.3e-06   6.3e-05   18.1   0.0    15   140    94   209    85   218 0.87 -
GH5_52.hmm           -            294 ALV63957.1           -           1303   3.7e-05   18.8   0.1   1   2   3.5e-05   0.00096   14.1   0.0    17   126    94   209    88   215 0.77 -
GH5_52.hmm           -            294 ALV63957.1           -           1303   3.7e-05   18.8   0.1   2   2      0.33         9    1.1   0.3   249   289   339   381   331   384 0.81 -
GH5_45.hmm           -            300 ALV63957.1           -           1303   0.00023   16.2   0.0   1   1   1.9e-05   0.00051   15.1   0.0    18   138    94   206    85   214 0.77 -
GH5_38.hmm           -            310 ALV63957.1           -           1303   0.00045   15.2   0.1   1   2   0.00013    0.0037   12.2   0.0    28   136    93   208    87   212 0.75 -
GH5_38.hmm           -            310 ALV63957.1           -           1303   0.00045   15.2   0.1   2   2       1.1        30   -0.6   0.2   264   308   336   382   332   384 0.80 -
GH5_15.hmm           -            300 ALV63957.1           -           1303   0.00085   14.2   0.0   1   1   6.3e-05    0.0017   13.2   0.0    19    81    89   158    74   176 0.75 -
GH5_12.hmm           -            539 ALV63957.1           -           1303    0.0011   13.2   0.0   1   3     0.012      0.32    5.2   0.0    35   112    70   157    49   158 0.72 -
GH5_12.hmm           -            539 ALV63957.1           -           1303    0.0011   13.2   0.0   2   3     0.018       0.5    4.5   0.0   204   239   173   206   170   208 0.90 -
GH5_12.hmm           -            539 ALV63957.1           -           1303    0.0011   13.2   0.0   3   3       2.1        56   -2.3   0.0   375   421   236   301   230   305 0.79 -
GH5_9.hmm            -            303 ALV63957.1           -           1303    0.0012   14.3   0.0   1   1    0.0001    0.0029   13.0   0.0    12    69    92   159    86   207 0.92 -
GH6.hmm              -            294 ABK52388.1           -           1209   4.2e-96  317.7   1.1   1   1   5.6e-98     7e-96  317.0   1.1     8   289    58   403    53   410 0.96 -
GH12.hmm             -            156 ABK52388.1           -           1209   5.2e-42  139.3   3.7   1   2      0.28        35    0.2   0.1    66   101   762   797   744   819 0.73 -
GH12.hmm             -            156 ABK52388.1           -           1209   5.2e-42  139.3   3.7   2   2   4.2e-44   5.2e-42  139.3   3.7     2   156   921  1068   920  1068 0.93 -
CBM2.hmm             -            101 ABK52388.1           -           1209   4.9e-31  103.0  17.9   1   5       3.8   4.7e+02   -2.9   0.4    43    53   616   626   571   686 0.56 -
CBM2.hmm             -            101 ABK52388.1           -           1209   4.9e-31  103.0  17.9   2   5       1.5   1.9e+02   -1.6   2.2    41    69   754   780   747   842 0.50 -
CBM2.hmm             -            101 ABK52388.1           -           1209   4.9e-31  103.0  17.9   3   5      0.38        48    0.3   1.6     7    37   862   888   858   901 0.77 -
CBM2.hmm             -            101 ABK52388.1           -           1209   4.9e-31  103.0  17.9   4   5         7   8.8e+02   -7.4   6.5    28    56   930   960   909  1008 0.49 -
CBM2.hmm             -            101 ABK52388.1           -           1209   4.9e-31  103.0  17.9   5   5   3.9e-33   4.9e-31  103.0  17.9     1    95  1112  1206  1112  1209 0.96 -
GH119.hmm            -           1070 ABK52388.1           -           1209   1.7e-24   81.2  40.3   1   2   1.4e-26   1.7e-24   81.2  40.3   810  1021   736   966   716  1039 0.67 -
GH119.hmm            -           1070 ABK52388.1           -           1209   1.7e-24   81.2  40.3   2   2         7   8.8e+02  -18.9  23.7   978  1063  1058  1142   917  1150 0.61 -
CBM3.hmm             -             88 ABK52388.1           -           1209   3.1e-24   81.2   0.0   1   1   1.2e-25   1.5e-23   79.0   0.0     1    87   572   653   572   654 0.98 -
PL11.hmm             -            606 ABK52388.1           -           1209   1.4e-05   19.5   0.2   1   1   2.1e-07   2.6e-05   18.6   0.2    11   136   746   864   743   891 0.64 -
PL11_1.hmm           -            583 ABK52388.1           -           1209   5.3e-05   17.5   0.1   1   1     7e-07   8.8e-05   16.8   0.1    15   140   753   873   743   893 0.68 -
GH12.hmm             -            156 ABK52392.1           -            403   1.3e-42  141.2   3.5   1   2   3.1e-45   1.3e-42  141.2   3.5     2   156   115   262   114   262 0.93 -
GH12.hmm             -            156 ABK52392.1           -            403   1.3e-42  141.2   3.5   2   2      0.67   2.9e+02   -2.8   0.4    89    97   347   355   320   384 0.55 -
CBM2.hmm             -            101 ABK52392.1           -            403   1.1e-31  105.1  18.0   1   4     0.023        10    2.5   2.4    47    78    41    70    27   101 0.59 -
CBM2.hmm             -            101 ABK52392.1           -            403   1.1e-31  105.1  18.0   2   4         2   8.8e+02   -6.5   9.6    19    85   116   187    97   201 0.59 -
CBM2.hmm             -            101 ABK52392.1           -            403   1.1e-31  105.1  18.0   3   4      0.52   2.3e+02   -1.9   0.1    74    92   254   272   244   274 0.69 -
CBM2.hmm             -            101 ABK52392.1           -            403   1.1e-31  105.1  18.0   4   4   2.5e-34   1.1e-31  105.1  18.0     1    96   306   401   306   403 0.97 -
GH12.hmm             -            156 AAU42138.1           -            261   2.7e-43  143.5   7.7   1   1   5.4e-46   4.7e-43  142.7   7.7     1   156   108   260   108   260 0.93 -
GH12.hmm             -            156 CAA17206.1           -            151     8e-42  138.7   1.1   1   1     1e-44   8.9e-42  138.6   1.1     1   156     5   150     5   150 0.95 -
GH12.hmm             -            156 AAA24817.1           -            264   1.5e-42  141.1   7.2   1   2      0.68   5.9e+02   -3.8   0.0     5    20    89   104    87   108 0.77 -
GH12.hmm             -            156 AAA24817.1           -            264   1.5e-42  141.1   7.2   2   2   1.7e-45   1.5e-42  141.1   7.2     1   156   111   263   111   263 0.93 -
GH12.hmm             -            156 AAC02965.2           -            264   1.8e-42  140.8   9.1   1   2         1   8.7e+02   -4.3   1.2    79    96    54    71    44    80 0.61 -
GH12.hmm             -            156 AAC02965.2           -            264   1.8e-42  140.8   9.1   2   2   2.1e-45   1.8e-42  140.8   9.1     1   156   111   263   111   263 0.92 -
GH12.hmm             -            156 AAB65594.1           -            260   1.2e-42  141.4   2.0   1   2      0.38   3.3e+02   -3.0   0.0   131   142    70    81    59    95 0.50 -
GH12.hmm             -            156 AAB65594.1           -            260   1.2e-42  141.4   2.0   2   2   1.4e-45   1.2e-42  141.4   2.0    17   156   128   259   120   259 0.92 -
GH12.hmm             -            156 AAC45429.1           -            377   3.5e-46  152.9   1.5   1   1   1.2e-48   5.4e-46  152.3   1.5     1   156   112   257   112   257 0.94 -
CBM2.hmm             -            101 AAC45429.1           -            377   2.3e-31  104.1  14.4   1   3     0.013       5.7    3.3   0.1    56    92    51    87    36    94 0.77 -
CBM2.hmm             -            101 AAC45429.1           -            377   2.3e-31  104.1  14.4   2   3       1.6   7.1e+02   -3.4   0.0    71    84   121   134   113   139 0.71 -
CBM2.hmm             -            101 AAC45429.1           -            377   2.3e-31  104.1  14.4   3   3   5.6e-34   2.4e-31  104.0   7.4     1   101   277   376   277   376 0.99 -
GH12.hmm             -            156 AAB71950.1           -            381     8e-44  145.2   0.3   1   1   3.4e-46   1.5e-43  144.3   0.3     1   156   115   260   115   260 0.93 -
CBM2.hmm             -            101 AAB71950.1           -            381   6.9e-35  115.4   4.6   1   3    0.0081       3.5    4.0   0.5    54    92    52    90    32    97 0.73 -
CBM2.hmm             -            101 AAB71950.1           -            381   6.9e-35  115.4   4.6   2   3      0.45     2e+02   -1.7   0.2    10    35   190   215   185   227 0.75 -
CBM2.hmm             -            101 AAB71950.1           -            381   6.9e-35  115.4   4.6   3   3   1.6e-37   6.9e-35  115.4   4.6     1   101   279   378   279   378 0.98 -
GH12.hmm             -            156 CAA52139.1           -            382   1.7e-45  150.6   0.8   1   2     4e-48   1.7e-45  150.6   0.8     1   156   112   257   112   257 0.94 -
GH12.hmm             -            156 CAA52139.1           -            382   1.7e-45  150.6   0.8   2   2      0.85   3.7e+02   -3.1   0.1    57    75   286   301   283   305 0.62 -
CBM2.hmm             -            101 CAA52139.1           -            382   3.5e-33  109.9   6.1   1   3     0.035        15    1.9   0.5    50    92    47    87    29    94 0.65 -
CBM2.hmm             -            101 CAA52139.1           -            382   3.5e-33  109.9   6.1   2   3      0.79   3.4e+02   -2.4   1.4    11    36   188   213   179   265 0.62 -
CBM2.hmm             -            101 CAA52139.1           -            382   3.5e-33  109.9   6.1   3   3   8.1e-36   3.5e-33  109.9   6.1     1   101   280   379   280   379 0.99 -
GH12.hmm             -            156 AAF91283.1           -            371   5.5e-50  165.2   0.7   1   2      0.06        26    0.6   0.0   114   143    48    78    44    83 0.75 -
GH12.hmm             -            156 AAF91283.1           -            371   5.5e-50  165.2   0.7   2   2   8.6e-52   3.7e-49  162.5   0.2     1   156   106   251   106   251 0.94 -
CBM2.hmm             -            101 AAF91283.1           -            371   1.2e-27   92.2   6.9   1   3     0.046        20    1.5   0.3    58    79    47    69    23    85 0.53 -
CBM2.hmm             -            101 AAF91283.1           -            371   1.2e-27   92.2   6.9   2   3      0.79   3.5e+02   -2.4   0.2    25    37   196   208   179   232 0.68 -
CBM2.hmm             -            101 AAF91283.1           -            371   1.2e-27   92.2   6.9   3   3   2.7e-30   1.2e-27   92.2   6.9     1   101   267   368   267   368 0.96 -
GH12.hmm             -            156 CCI74016.1           -            379   8.4e-46  151.6   0.5   1   2   1.9e-48   8.4e-46  151.6   0.5     1   156   112   257   112   257 0.94 -
GH12.hmm             -            156 CCI74016.1           -            379   8.4e-46  151.6   0.5   2   2      0.91     4e+02   -3.2   0.1    57    75   283   298   280   301 0.62 -
CBM2.hmm             -            101 CCI74016.1           -            379   6.7e-32  105.8   3.5   1   3     0.027        12    2.3   0.4    44    86    39    82    22    93 0.62 -
CBM2.hmm             -            101 CCI74016.1           -            379   6.7e-32  105.8   3.5   2   3       1.1   4.8e+02   -2.9   1.0    36    36   213   213   182   265 0.57 -
CBM2.hmm             -            101 CCI74016.1           -            379   6.7e-32  105.8   3.5   3   3   1.5e-34   6.7e-32  105.8   3.5     1   101   277   376   277   376 0.99 -
GH12.hmm             -            156 AAD25090.1           -            384   1.2e-45  151.1   0.9   1   2   2.8e-48   1.2e-45  151.1   0.9     2   156   123   267   122   267 0.93 -
GH12.hmm             -            156 AAD25090.1           -            384   1.2e-45  151.1   0.9   2   2       1.2   5.1e+02   -3.6   0.0    57    75   289   304   286   307 0.66 -
CBM2.hmm             -            101 AAD25090.1           -            384   5.9e-19   64.2   0.1   1   3     0.042        18    1.7   0.1    56    92    51    87    28    93 0.74 -
CBM2.hmm             -            101 AAD25090.1           -            384   5.9e-19   64.2   0.1   2   3      0.62   2.7e+02   -2.1   0.5    11    35   198   222   190   266 0.68 -
CBM2.hmm             -            101 AAD25090.1           -            384   5.9e-19   64.2   0.1   3   3   1.4e-21   5.9e-19   64.2   0.1     1   101   283   381   283   381 0.80 -
GH12.hmm             -            156 ACN56471.1           -            379   8.4e-46  151.6   0.5   1   2   1.9e-48   8.4e-46  151.6   0.5     1   156   112   257   112   257 0.94 -
GH12.hmm             -            156 ACN56471.1           -            379   8.4e-46  151.6   0.5   2   2      0.91     4e+02   -3.2   0.1    57    75   283   298   280   301 0.62 -
CBM2.hmm             -            101 ACN56471.1           -            379   6.7e-32  105.8   3.5   1   3     0.041        18    1.7   0.3    51    86    48    82    27    93 0.64 -
CBM2.hmm             -            101 ACN56471.1           -            379   6.7e-32  105.8   3.5   2   3       1.1   4.8e+02   -2.9   1.0    36    36   213   213   182   265 0.57 -
CBM2.hmm             -            101 ACN56471.1           -            379   6.7e-32  105.8   3.5   3   3   1.5e-34   6.7e-32  105.8   3.5     1   101   277   376   277   376 0.99 -
GH12.hmm             -            156 AGL50456.1           -            328     1e-40  135.2   0.4   1   1   1.5e-43   1.4e-40  134.7   0.4     1   155   156   323   156   324 0.96 -
GH12.hmm             -            156 AAD36592.1           -            274   1.4e-39  131.4   3.9   1   1   2.3e-42     2e-39  130.9   3.9     1   156   103   272   103   272 0.94 -
GH12.hmm             -            156 AAC95059.1           -            257   1.8e-37  124.5   1.0   1   1   2.7e-40   2.4e-37  124.2   1.0     2   155    86   252    85   253 0.95 -
GH12.hmm             -            156 AAC95060.1           -            274   2.4e-40  133.9   2.8   1   1   3.8e-43   3.4e-40  133.4   2.8     1   156   103   272   103   272 0.96 -
GH12.hmm             -            156 ABQ47281.1           -            274   2.2e-38  127.6   5.0   1   1   3.4e-41     3e-38  127.1   5.0     1   156   103   272   103   272 0.94 -
GH12.hmm             -            156 ABQ47282.1           -            328   3.9e-41  136.5   0.7   1   1   6.1e-44   5.3e-41  136.0   0.7     1   155   156   323   156   324 0.96 -
CBM64.hmm            -             85 ADN02999.1           -            438     1e-54  178.5   8.7   1   2      0.43   1.9e+02   -1.8   0.2    22    60   261   298   254   301 0.69 -
CBM64.hmm            -             85 ADN02999.1           -            438     1e-54  178.5   8.7   2   2   2.3e-57     1e-54  178.5   8.7     1    85   353   437   353   437 0.99 -
GH12.hmm             -            156 ADN02999.1           -            438     2e-35  117.9   0.1   1   1   8.8e-38   3.8e-35  117.0   0.1     1   154   136   302   136   304 0.93 -
GH12.hmm             -            156 BAA00435.1           -            237   5.6e-52  171.7   1.8   1   2      0.22   1.9e+02   -2.2   0.7    69    91    54    76    36    85 0.53 -
GH12.hmm             -            156 BAA00435.1           -            237   5.6e-52  171.7   1.8   2   2   6.3e-55   5.6e-52  171.7   1.8     3   156    89   236    87   236 0.97 -
GH12.hmm             -            156 AYM46706.1           -            238   1.1e-47  157.8   4.1   1   2     0.079        69   -0.8   0.1    79   117    38    82    20    92 0.50 -
GH12.hmm             -            156 AYM46706.1           -            238   1.1e-47  157.8   4.1   2   2   1.2e-50   1.1e-47  157.8   4.1     3   156    90   237    88   237 0.95 -
GH12.hmm             -            156 EAL86857.1           -            234   5.3e-51  168.5   4.0   1   1   1.1e-53   9.9e-51  167.7   4.0     3   156    87   233    85   233 0.96 -
GH12.hmm             -            156 AAM77715.1           -            237   2.5e-47  156.6   0.5   1   2      0.25   2.2e+02   -2.4   0.8    69    80    54    65    36    83 0.52 -
GH12.hmm             -            156 AAM77715.1           -            237   2.5e-47  156.6   0.5   2   2   2.9e-50   2.5e-47  156.6   0.5     3   156    89   236    87   236 0.97 -
GH12.hmm             -            156 AAR63633.1           -            239   2.4e-49  163.2   2.9   1   2      0.48   4.2e+02   -3.3   0.8    69    93    52    76    37    81 0.46 -
GH12.hmm             -            156 AAR63633.1           -            239   2.4e-49  163.2   2.9   2   2   2.7e-52   2.4e-49  163.2   2.9     3   156    87   238    86   238 0.93 -
GH12.hmm             -            156 AAE60101.1           -            239   7.8e-50  164.7   5.1   1   2      0.17   1.5e+02   -1.9   0.1    69    96    52    79    37    87 0.50 -
GH12.hmm             -            156 AAE60101.1           -            239   7.8e-50  164.7   5.1   2   2   8.9e-53   7.8e-50  164.7   5.1     3   156    87   238    84   238 0.93 -
GH12.hmm             -            156 CAK46524.1           -            239   7.8e-50  164.7   5.1   1   2      0.17   1.5e+02   -1.9   0.1    69    96    52    79    37    87 0.50 -
GH12.hmm             -            156 CAK46524.1           -            239   7.8e-50  164.7   5.1   2   2   8.9e-53   7.8e-50  164.7   5.1     3   156    87   238    84   238 0.93 -
GH12.hmm             -            156 ADD12042.1           -            238   7.6e-50  164.8   5.1   1   2      0.15   1.3e+02   -1.7   0.2    53    95    37    77    34    85 0.51 -
GH12.hmm             -            156 ADD12042.1           -            238   7.6e-50  164.8   5.1   2   2   8.7e-53   7.6e-50  164.8   5.1     3   156    86   237    83   237 0.93 -
GH12.hmm             -            156 BAA22588.1           -            239   6.3e-49  161.8   3.7   1   2      0.47   4.1e+02   -3.3   0.9    69    94    52    77    36    83 0.52 -
GH12.hmm             -            156 BAA22588.1           -            239   6.3e-49  161.8   3.7   2   2   7.2e-52   6.3e-49  161.8   3.7     3   156    87   238    85   238 0.94 -
GH12.hmm             -            156 EAU30085.1           -            234   3.7e-50  165.8   3.3   1   1   6.3e-53   5.5e-50  165.2   3.3     4   156    87   233    84   233 0.96 -
GH12.hmm             -            156 AEL12376.1           -            239   3.8e-49  162.5   4.6   1   2      0.17   1.5e+02   -1.9   0.1    69    96    52    79    37    87 0.50 -
GH12.hmm             -            156 AEL12376.1           -            239   3.8e-49  162.5   4.6   2   2   4.3e-52   3.8e-49  162.5   4.6     3   156    87   238    84   238 0.93 -
GH12.hmm             -            156 AAF65311.1           -            239   3.2e-45  149.8   2.8   1   2     0.073        64   -0.7   2.9    52    99    40    86    27    91 0.70 -
GH12.hmm             -            156 AAF65311.1           -            239   3.2e-45  149.8   2.8   2   2   3.7e-48   3.2e-45  149.8   2.8     2   155    90   237    89   238 0.97 -
GH12.hmm             -            156 AAM77701.1           -            247   8.8e-50  164.6   1.5   1   1   1.8e-52   1.6e-49  163.7   1.5     5   156   101   246    98   246 0.96 -
GH12.hmm             -            156 AAQ38148.1           -            247   1.6e-52  173.5   1.5   1   2      0.48   4.2e+02   -3.3   1.0    72    94    66    88    36    90 0.55 -
GH12.hmm             -            156 AAQ38148.1           -            247   1.6e-52  173.5   1.5   2   2   1.8e-55   1.6e-52  173.5   1.5     3   156    99   246    98   246 0.96 -
GH12.hmm             -            156 AAM77706.1           -            240   8.1e-44  145.2   0.1   1   1   1.3e-46   1.2e-43  144.7   0.1     3   154    90   235    88   237 0.94 -
GH12.hmm             -            156 AAM77707.1           -            357   7.7e-44  145.3   1.2   1   1   1.6e-46   1.4e-43  144.4   1.2     4   156   104   249   102   249 0.94 -
GH12.hmm             -            156 AAM77708.1           -            236     1e-43  144.8   0.1   1   1   1.8e-46   1.6e-43  144.3   0.1     3   155    88   234    87   235 0.96 -
GH12.hmm             -            156 AAM77709.1           -            237   2.1e-46  153.6   0.1   1   1   3.6e-49   3.1e-46  153.0   0.1     3   155    89   235    87   236 0.95 -
GH12.hmm             -            156 AAM77702.1           -            247   4.7e-48  159.0   2.6   1   2      0.18   1.5e+02   -1.9   0.0    12    32    75    97    68   101 0.59 -
GH12.hmm             -            156 AAM77702.1           -            247   4.7e-48  159.0   2.6   2   2   5.4e-51   4.7e-48  159.0   2.6     3   156   100   246    98   246 0.94 -
GH12.hmm             -            156 BAF49602.1           -            244   6.2e-44  145.6   6.1   1   3     0.093        82   -1.0   0.0    12    38    19    46    11    58 0.64 -
GH12.hmm             -            156 BAF49602.1           -            244   6.2e-44  145.6   6.1   2   3      0.13   1.1e+02   -1.5   0.1    76   100    62    86    41    94 0.62 -
GH12.hmm             -            156 BAF49602.1           -            244   6.2e-44  145.6   6.1   3   3   7.1e-47   6.2e-44  145.6   6.1     3   156    92   242    90   242 0.94 -
GH12.hmm             -            156 AAM77703.1           -            238   8.4e-50  164.6   3.2   1   2      0.73   6.4e+02   -3.9   2.5    67    91    52    75    34    81 0.51 -
GH12.hmm             -            156 AAM77703.1           -            238   8.4e-50  164.6   3.2   2   2   9.6e-53   8.4e-50  164.6   3.2     3   155    90   236    89   237 0.96 -
GH12.hmm             -            156 XP_391213.1          -            238   2.4e-50  166.4   3.1   1   1   4.7e-53   4.1e-50  165.6   3.1     3   155    90   236    88   237 0.95 -
GH12.hmm             -            156 SCB65334.1           -            328   5.1e-24   80.9   0.8   1   2    0.0083       7.3    2.4   0.0     1    21   141   163   141   177 0.83 -
GH12.hmm             -            156 SCB65334.1           -            328   5.1e-24   80.9   0.8   2   2   9.7e-26   8.5e-23   76.9   0.4    20   156   181   324   169   324 0.90 -
GH12.hmm             -            156 XP_383205.1          -            824   8.5e-20   67.2   1.0   1   2     0.032        28    0.5   0.0     1    40    78   120    78   126 0.81 -
GH12.hmm             -            156 XP_383205.1          -            824   8.5e-20   67.2   1.0   2   2   2.4e-22   2.1e-19   65.9   0.7    18   155   119   267   104   268 0.86 -
GH12.hmm             -            156 AAM77704.1           -            244     9e-42  138.6   1.3   1   1   1.6e-44   1.4e-41  137.9   1.3     3   156    96   242    95   242 0.94 -
GH12.hmm             -            156 AAM77705.1           -            250   1.2e-39  131.7   0.9   1   2      0.17   1.5e+02   -1.9   0.5    72    90    39    56    18    92 0.64 -
GH12.hmm             -            156 AAM77705.1           -            250   1.2e-39  131.7   0.9   2   2   1.3e-42   1.2e-39  131.7   0.9     2   156   101   249   100   249 0.92 -
GH12.hmm             -            156 AEJ35167.1           -            246   2.6e-42  140.3   7.1   1   1   5.7e-45     5e-42  139.4   7.1     3   155    93   243    92   244 0.94 -
GH12.hmm             -            156 AAM77714.2           -            254   5.1e-50  165.3   0.0   1   1   8.9e-53   7.8e-50  164.7   0.0     3   155   105   252   104   253 0.97 -
GH12.hmm             -            156 AAM77711.1           -            234   2.4e-49  163.2   4.4   1   1     4e-52   3.5e-49  162.6   4.4     3   156    87   233    85   233 0.96 -
GH12.hmm             -            156 EPS31484.1           -            237   1.4e-49  163.9   2.2   1   2      0.35     3e+02   -2.9   1.9    69    94    54    79    26    85 0.54 -
GH12.hmm             -            156 EPS31484.1           -            237   1.4e-49  163.9   2.2   2   2   1.6e-52   1.4e-49  163.9   2.2     3   156    89   236    87   236 0.96 -
GH12.hmm             -            156 AAU12276.1           -            237   3.6e-42  139.8   1.4   1   1   6.1e-45   5.3e-42  139.3   1.4     9   156    90   235    75   235 0.93 -
GH12.hmm             -            156 BAD98315.1           -            243   1.7e-44  147.4   0.8   1   1   3.7e-47   3.2e-44  146.5   0.8     3   155    90   240    89   241 0.94 -
GH12.hmm             -            156 ADH51731.1           -            225   6.3e-44  145.5   7.0   1   3     0.092        81   -1.0   0.0    16    37     5    27     1    37 0.69 -
GH12.hmm             -            156 ADH51731.1           -            225   6.3e-44  145.5   7.0   2   3     0.046        41   -0.0   0.5    88   118    40    69    23    74 0.63 -
GH12.hmm             -            156 ADH51731.1           -            225   6.3e-44  145.5   7.0   3   3   7.2e-47   6.3e-44  145.5   7.0     4   156    74   223    71   223 0.94 -
GH12.hmm             -            156 CAL48345.1           -            238   6.8e-50  164.9   7.5   1   2      0.18   1.6e+02   -1.9   1.0    69    93    53    77    20    84 0.57 -
GH12.hmm             -            156 CAL48345.1           -            238   6.8e-50  164.9   7.5   2   2   7.8e-53   6.8e-50  164.9   7.5     3   155    89   235    87   236 0.95 -
GH12.hmm             -            156 AAM77710.1           -            237   3.7e-50  165.8   5.3   1   2      0.26   2.3e+02   -2.5   0.9    69    83    52    66    19    80 0.55 -
GH12.hmm             -            156 AAM77710.1           -            237   3.7e-50  165.8   5.3   2   2   4.2e-53   3.7e-50  165.8   5.3     3   155    88   234    86   235 0.95 -
GH12.hmm             -            156 ATY39123.1           -            235   6.8e-50  164.9   5.3   1   2      0.25   2.1e+02   -2.4   1.1    70    79    52    61    19    80 0.53 -
GH12.hmm             -            156 ATY39123.1           -            235   6.8e-50  164.9   5.3   2   2   7.8e-53   6.8e-50  164.9   5.3     3   156    87   234    85   234 0.96 -
GH12.hmm             -            156 AFK32784.1           -            235   2.8e-50  166.2   3.9   1   1   4.8e-53   4.2e-50  165.6   3.9     3   156    88   234    86   234 0.95 -
GH12.hmm             -            156 AAM77712.1           -            234   1.3e-49  164.0   4.8   1   1   2.2e-52   1.9e-49  163.5   4.8     3   156    87   233    85   233 0.95 -
GH12.hmm             -            156 AAE59774.1           -            232   2.5e-49  163.1   5.7   1   1   4.4e-52   3.8e-49  162.5   5.7     3   156    85   231    83   231 0.95 -
GH12.hmm             -            156 AAM77713.1           -            233   1.5e-48  160.6   5.6   1   1   2.5e-51   2.2e-48  160.0   5.6     3   152    87   228    85   232 0.94 -
#
# Program:         hmmscan
# Version:         3.4 (Aug 2023)
# Pipeline mode:   SCAN
# Query file:      GH12.faa
# Target file:     /home/ubuntu/storage/thesis/data/dbcan/dbCAN.hmm
# Option settings: /tmp/tmp6g9izd4b_hmmscan --domtblout GH12_dom.tbl --cpu 8 /home/ubuntu/storage/thesis/data/dbcan/dbCAN.hmm GH12.faa 
# Current dir:     /home/ubuntu/storage/thesis/GH_families/preparing_hmmer_profiles
# Date:            Sat Apr 18 10:59:23 2026
# [ok]
