#                                                                            --- full sequence --- -------------- this domain -------------   hmm coord   ali coord   env coord
# target name        accession   tlen query name           accession   qlen   E-value  score  bias   #  of  c-Evalue  i-Evalue  score  bias  from    to  from    to  from    to  acc description of target
#------------------- ---------- ----- -------------------- ---------- ----- --------- ------ ----- --- --- --------- --------- ------ ----- ----- ----- ----- ----- ----- ----- ---- ---------------------
GH44.hmm             -            514 BAA12070.1           -           1601  4.1e-208  687.9   1.7   1   1  5.2e-210  5.6e-208  687.4   1.7     2   513   775  1283   774  1284 0.98 -
GH9.hmm              -            418 BAA12070.1           -           1601   3.7e-94  312.2   5.5   1   1   4.9e-96   5.4e-94  311.6   5.5     2   418   316   749   315   749 0.87 -
CBM30.hmm            -            170 BAA12070.1           -           1601   7.1e-66  217.3   0.1   1   1   1.3e-67   1.4e-65  216.3   0.1     1   170    66   235    66   235 0.98 -
CBM44.hmm            -            143 BAA12070.1           -           1601   1.3e-47  157.0   1.6   1   1     3e-49   3.3e-47  155.7   1.6     1   143  1452  1601  1452  1601 0.93 -
dockerin.hmm         -             21 BAA12070.1           -           1601   1.9e-13   45.4   9.8   1   2   6.2e-09   6.8e-07   24.7   3.0     1    21  1292  1312  1292  1312 0.98 -
dockerin.hmm         -             21 BAA12070.1           -           1601   1.9e-13   45.4   9.8   2   2   1.1e-08   1.2e-06   23.9   0.6     1    21  1324  1344  1324  1344 0.98 -
GH124.hmm            -            332 BAA12070.1           -           1601   1.3e-10   36.7   1.1   1   1   2.6e-12   2.8e-10   35.5   1.1    30   139  1284  1387  1270  1394 0.83 -
CBM11.hmm            -            163 BAA12070.1           -           1601     1e-05   21.3   0.1   1   1   3.5e-07   3.9e-05   19.4   0.1    40   122    88   178    70   188 0.76 -
GH39.hmm             -            431 BAA12070.1           -           1601   3.3e-05   18.7   1.2   1   1   7.2e-07   7.9e-05   17.5   1.2   111   225   919  1059   891  1099 0.71 -
GH44.hmm             -            514 ACM60947.1           -           1294  2.1e-207  685.6   8.2   1   1  1.1e-208  5.1e-207  684.3   8.2     3   512   770  1286   768  1288 0.98 -
GH5_8.hmm            -            255 ACM60947.1           -           1294    1e-100  332.1   2.5   1   1  4.2e-102  1.9e-100  331.2   2.5    11   254    53   297    48   298 0.98 -
CBM3.hmm             -             88 ACM60947.1           -           1294   7.7e-58  188.9  16.3   1   4   2.8e-31   1.3e-29   98.5   0.9     2    88   363   443   362   443 0.98 -
CBM3.hmm             -             88 ACM60947.1           -           1294   7.7e-58  188.9  16.3   2   4       2.5   1.1e+02   -0.8   0.1    39    74   464   500   456   506 0.59 -
CBM3.hmm             -             88 ACM60947.1           -           1294   7.7e-58  188.9  16.3   3   4   2.8e-31   1.3e-29   98.5   0.9     2    88   574   654   573   654 0.98 -
CBM3.hmm             -             88 ACM60947.1           -           1294   7.7e-58  188.9  16.3   4   4       2.5   1.1e+02   -0.8   0.1    39    74   675   711   667   717 0.59 -
GH5_55.hmm           -            256 ACM60947.1           -           1294   5.3e-41  136.3   1.6   1   1   2.1e-42   9.6e-41  135.4   1.6     9   249    52   290    47   295 0.88 -
GH5.hmm              -            275 ACM60947.1           -           1294   2.7e-30  101.6  15.7   1   2   6.8e-31   3.1e-29   98.1   5.3    34   243    67   300    38   307 0.72 -
GH5.hmm              -            275 ACM60947.1           -           1294   2.7e-30  101.6  15.7   2   2    0.0014     0.065    8.5   2.6    67   178   852  1103   810  1182 0.63 -
GH5_1.hmm            -            315 ACM60947.1           -           1294   1.1e-17   60.3   4.4   1   3   2.5e-19   1.1e-17   60.3   4.4    27   314    60   296    54   297 0.81 -
GH5_1.hmm            -            315 ACM60947.1           -           1294   1.1e-17   60.3   4.4   2   3       3.3   1.5e+02   -2.5   0.2   157   289   467   483   395   495 0.59 -
GH5_1.hmm            -            315 ACM60947.1           -           1294   1.1e-17   60.3   4.4   3   3       3.3   1.5e+02   -2.5   0.2   157   289   678   694   606   706 0.59 -
GH5_46.hmm           -            262 ACM60947.1           -           1294   6.7e-16   54.2   2.8   1   3     0.082       3.8    2.5   0.0    19    38    69    88    60   115 0.81 -
GH5_46.hmm           -            262 ACM60947.1           -           1294   6.7e-16   54.2   2.8   2   3   4.8e-16   2.2e-14   49.2   1.5   109   254   135   288   130   293 0.83 -
GH5_46.hmm           -            262 ACM60947.1           -           1294   6.7e-16   54.2   2.8   3   3       3.1   1.4e+02   -2.6   0.0   177   206   837   867   834   878 0.75 -
GH5_4.hmm            -            276 ACM60947.1           -           1294   7.3e-16   54.4   1.1   1   1   1.1e-16   5.3e-15   51.5   1.1    12   273    68   287    58   291 0.77 -
GH5_5.hmm            -            282 ACM60947.1           -           1294   6.5e-15   50.8   1.6   1   1   4.6e-16   2.1e-14   49.1   1.4    70   200   102   231    79   287 0.84 -
GH5_2.hmm            -            237 ACM60947.1           -           1294   1.2e-14   50.2   0.6   1   1     5e-16   2.3e-14   49.2   0.6    33   218    75   269    42   286 0.77 -
GH5_40.hmm           -            290 ACM60947.1           -           1294   1.5e-13   46.1   0.2   1   2   8.7e-14     4e-12   41.4   0.2    36   286    69   289    43   293 0.76 -
GH5_40.hmm           -            290 ACM60947.1           -           1294   1.5e-13   46.1   0.2   2   2       4.4     2e+02   -3.5   0.0    88   105  1037  1054  1023  1081 0.68 -
GH5_25.hmm           -            279 ACM60947.1           -           1294   6.3e-13   44.1   0.2   1   2   3.5e-13   1.6e-11   39.5   0.1    17   198    62   243    51   249 0.80 -
GH5_25.hmm           -            279 ACM60947.1           -           1294   6.3e-13   44.1   0.2   2   2     0.046       2.1    3.0   0.0   224   253   240   270   232   290 0.53 -
GH5_39.hmm           -            312 ACM60947.1           -           1294   1.3e-11   40.1   0.0   1   2   1.3e-12   5.8e-11   38.0   0.0    21   187    68   230    56   249 0.83 -
GH5_39.hmm           -            312 ACM60947.1           -           1294   1.3e-11   40.1   0.0   2   2      0.76        35   -0.7   0.0   265   310   248   288   231   289 0.75 -
GH5_22.hmm           -            288 ACM60947.1           -           1294   1.8e-07   27.0   3.3   1   2   2.2e-08     1e-06   24.5   0.7   113   210   136   244   134   280 0.85 -
GH5_22.hmm           -            288 ACM60947.1           -           1294   1.8e-07   27.0   3.3   2   2      0.19       8.8    1.7   0.1   177   221   851   895   844   923 0.74 -
GH5_13.hmm           -            269 ACM60947.1           -           1294   3.4e-06   22.0   0.1   1   2     0.092       4.2    2.0   0.0    11    39    60    88    54   103 0.82 -
GH5_13.hmm           -            269 ACM60947.1           -           1294   3.4e-06   22.0   0.1   2   2   2.2e-06   9.9e-05   17.2   0.0   118   261   140   287   121   292 0.65 -
GH5_37.hmm           -            308 ACM60947.1           -           1294   4.2e-06   22.0   0.3   1   1   1.7e-07   7.8e-06   21.1   0.3    19   187    68   230    58   287 0.83 -
GH5_48.hmm           -            322 ACM60947.1           -           1294   1.5e-05   19.9   0.3   1   1   4.4e-05     0.002   12.9   0.3   105   225   135   239   130   249 0.77 -
GH5_38.hmm           -            310 ACM60947.1           -           1294   7.5e-05   17.7   0.6   1   2   9.6e-06   0.00044   15.2   0.5   105   195   137   233   131   245 0.81 -
GH5_38.hmm           -            310 ACM60947.1           -           1294   7.5e-05   17.7   0.6   2   2      0.35        16    0.2   0.0   252   281   237   266   232   290 0.74 -
GH51_12.hmm          -            523 ACM60947.1           -           1294    0.0023   12.2   0.1   1   2      0.31        14   -0.3   0.0   371   401    75   105    73   161 0.84 -
GH51_12.hmm          -            523 ACM60947.1           -           1294    0.0023   12.2   0.1   2   2   0.00031     0.014    9.5   0.0   433   517  1203  1279  1189  1290 0.77 -
GH44.hmm             -            514 WAM33659.1           -           1760  7.8e-206  680.3   5.1   1   1  4.1e-208  1.2e-205  679.8   5.1     3   513  1240  1757  1238  1758 0.98 -
GH9.hmm              -            418 WAM33659.1           -           1760  3.3e-139  460.6  20.2   1   1  2.9e-141  8.5e-139  459.2  20.2     1   418    37   455    37   455 0.92 -
CBM3.hmm             -             88 WAM33659.1           -           1760   2.9e-86  280.0  22.8   1   5   2.4e-21   6.9e-19   64.1   0.5     5    88   484   566   480   566 0.94 -
CBM3.hmm             -             88 WAM33659.1           -           1760   2.9e-86  280.0  22.8   2   5     2e-30   5.9e-28   93.1   0.1     2    88   690   770   689   770 0.98 -
CBM3.hmm             -             88 WAM33659.1           -           1760   2.9e-86  280.0  22.8   3   5      0.69     2e+02   -1.5   0.1    34    73   788   826   779   833 0.64 -
CBM3.hmm             -             88 WAM33659.1           -           1760   2.9e-86  280.0  22.8   4   5   4.1e-23   1.2e-20   69.7   1.0     2    88   906   985   905   985 0.95 -
CBM3.hmm             -             88 WAM33659.1           -           1760   2.9e-86  280.0  22.8   5   5   4.6e-22   1.4e-19   66.3   0.7     2    88  1057  1136  1056  1136 0.95 -
GH44.hmm             -            514 WAM34557.1           -           1892  2.7e-205  678.6   5.0   1   1  1.3e-207  3.8e-205  678.1   5.0     3   513  1372  1889  1370  1890 0.98 -
GH74.hmm             -            233 WAM34557.1           -           1892   5.5e-93  306.4  29.7   1   8     1e-07   2.9e-05   19.3   0.2    72   110    51    86    37    88 0.78 -
GH74.hmm             -            233 WAM34557.1           -           1892   5.5e-93  306.4  29.7   2   8     2e-30   5.9e-28   93.5   0.0     2   115    85   201    84   215 0.96 -
GH74.hmm             -            233 WAM34557.1           -           1892   5.5e-93  306.4  29.7   3   8   1.2e-19   3.5e-17   58.3   0.8    59   168   193   321   193   327 0.86 -
GH74.hmm             -            233 WAM34557.1           -           1892   5.5e-93  306.4  29.7   4   8   4.7e-07   0.00014   17.1   1.8    74   112   330   370   321   385 0.80 -
GH74.hmm             -            233 WAM34557.1           -           1892   5.5e-93  306.4  29.7   5   8      0.59   1.7e+02   -2.9   0.0   171   186   412   427   408   430 0.82 -
GH74.hmm             -            233 WAM34557.1           -           1892   5.5e-93  306.4  29.7   6   8   5.2e-18   1.5e-15   52.9   1.6    12   116   497   597   488   600 0.92 -
GH74.hmm             -            233 WAM34557.1           -           1892   5.5e-93  306.4  29.7   7   8   5.2e-22   1.5e-19   66.0   0.4    19   136   588   699   588   704 0.90 -
GH74.hmm             -            233 WAM34557.1           -           1892   5.5e-93  306.4  29.7   8   8   2.1e-09   6.3e-07   24.7   0.0    85   129   696   740   685   752 0.84 -
CBM3.hmm             -             88 WAM34557.1           -           1892   1.1e-66  217.2  17.1   1   4   3.8e-30   1.1e-27   92.3   0.3     2    88   832   912   831   912 0.98 -
CBM3.hmm             -             88 WAM34557.1           -           1892   1.1e-66  217.2  17.1   2   4      0.75   2.2e+02   -1.6   0.1    34    73   930   968   921   975 0.64 -
CBM3.hmm             -             88 WAM34557.1           -           1892   1.1e-66  217.2  17.1   3   4   8.3e-23   2.4e-20   68.7   0.8     2    88  1048  1127  1047  1127 0.95 -
CBM3.hmm             -             88 WAM34557.1           -           1892   1.1e-66  217.2  17.1   4   4   7.4e-22   2.2e-19   65.7   0.8     2    88  1199  1278  1198  1278 0.94 -
GH44.hmm             -            514 AAA71887.1           -           1331  2.9e-204  675.2  10.3   1   1  1.5e-205  7.1e-204  673.9  10.3     3   505   786  1295   784  1304 0.98 -
GH5_8.hmm            -            255 AAA71887.1           -           1331  1.1e-100  332.0   2.2   1   1  4.2e-102  2.1e-100  331.1   2.2    11   254    53   297    48   298 0.98 -
CBM3.hmm             -             88 AAA71887.1           -           1331   3.3e-59  193.3  12.8   1   4   6.9e-31   3.3e-29   97.1   0.6     2    88   371   451   370   451 0.98 -
CBM3.hmm             -             88 AAA71887.1           -           1331   3.3e-59  193.3  12.8   2   4      0.32        16    2.0   0.1    39    77   472   511   461   515 0.71 -
CBM3.hmm             -             88 AAA71887.1           -           1331   3.3e-59  193.3  12.8   3   4   6.9e-31   3.3e-29   97.1   0.6     2    88   574   654   573   654 0.98 -
CBM3.hmm             -             88 AAA71887.1           -           1331   3.3e-59  193.3  12.8   4   4      0.48        23    1.5   0.1    39    77   675   714   663   718 0.66 -
GH5_55.hmm           -            256 AAA71887.1           -           1331     8e-41  135.7   1.4   1   1     3e-42   1.5e-40  134.8   1.4     9   249    52   290    47   295 0.88 -
GH5.hmm              -            275 AAA71887.1           -           1331   9.4e-31  103.1  15.9   1   2     2e-31   9.6e-30   99.8   5.5    35   243    68   300    38   307 0.72 -
GH5.hmm              -            275 AAA71887.1           -           1331   9.4e-31  103.1  15.9   2   2    0.0014      0.07    8.4   2.7    71   225   872  1176   824  1199 0.63 -
GH5_1.hmm            -            315 AAA71887.1           -           1331   9.9e-18   60.5   4.2   1   1     2e-19   9.9e-18   60.5   4.2    27   314    60   296    48   297 0.81 -
GH5_4.hmm            -            276 AAA71887.1           -           1331   3.5e-16   55.4   0.9   1   1   5.7e-17   2.8e-15   52.5   0.9    14   273    70   287    59   291 0.78 -
GH5_46.hmm           -            262 AAA71887.1           -           1331     1e-15   53.6   2.0   1   3      0.11       5.1    2.1   0.0    21    38    71    88    61   115 0.81 -
GH5_46.hmm           -            262 AAA71887.1           -           1331     1e-15   53.6   2.0   2   3   8.2e-16     4e-14   48.4   1.2   109   254   135   288   130   293 0.84 -
GH5_46.hmm           -            262 AAA71887.1           -           1331     1e-15   53.6   2.0   3   3       3.8   1.8e+02   -3.0   0.0   177   205   853   881   851   894 0.74 -
GH5_5.hmm            -            282 AAA71887.1           -           1331   1.8e-15   52.6   0.5   1   1   1.1e-16   5.3e-15   51.1   0.5    67   200    99   231    58   286 0.86 -
GH5_2.hmm            -            237 AAA71887.1           -           1331   6.9e-15   50.9   0.4   1   1   3.1e-16   1.5e-14   49.8   0.4    33   218    75   269    43   286 0.79 -
GH5_40.hmm           -            290 AAA71887.1           -           1331   1.6e-13   46.0   0.3   1   2   7.2e-14   3.5e-12   41.6   0.3    35   286    68   289    38   293 0.76 -
GH5_40.hmm           -            290 AAA71887.1           -           1331   1.6e-13   46.0   0.3   2   2         5   2.4e+02   -3.8   0.0    89   104  1054  1069  1039  1097 0.71 -
GH5_25.hmm           -            279 AAA71887.1           -           1331   4.2e-13   44.7   0.2   1   2   1.8e-13   8.5e-12   40.4   0.1    21   197    66   242    51   249 0.80 -
GH5_25.hmm           -            279 AAA71887.1           -           1331   4.2e-13   44.7   0.2   2   2     0.061       2.9    2.6   0.0   225   253   241   270   232   290 0.54 -
GH5_39.hmm           -            312 AAA71887.1           -           1331   1.5e-11   39.9   0.0   1   2   1.3e-12   6.2e-11   37.9   0.0    21   187    68   230    56   233 0.82 -
GH5_39.hmm           -            312 AAA71887.1           -           1331   1.5e-11   39.9   0.0   2   2      0.92        45   -1.1   0.0   266   310   249   288   231   289 0.75 -
GH5_22.hmm           -            288 AAA71887.1           -           1331   2.6e-07   26.4   3.3   1   2   2.9e-08   1.4e-06   24.0   0.6   113   210   136   244   134   269 0.86 -
GH5_22.hmm           -            288 AAA71887.1           -           1331   2.6e-07   26.4   3.3   2   2      0.17       8.3    1.8   0.1   177   221   867   911   860   939 0.75 -
GH5_13.hmm           -            269 AAA71887.1           -           1331   2.6e-06   22.4   0.1   1   2     0.042       2.1    3.1   0.0    10    39    59    88    54   105 0.85 -
GH5_13.hmm           -            269 AAA71887.1           -           1331   2.6e-06   22.4   0.1   2   2   3.5e-06   0.00017   16.5   0.0   129   261   151   287   125   292 0.64 -
GH5_37.hmm           -            308 AAA71887.1           -           1331   5.7e-06   21.5   0.1   1   1   2.2e-07   1.1e-05   20.6   0.1    21   187    70   230    63   259 0.81 -
GH5_48.hmm           -            322 AAA71887.1           -           1331   2.2e-05   19.3   0.3   1   1   5.1e-05    0.0025   12.6   0.3   105   225   135   239   130   252 0.77 -
GH51_12.hmm          -            523 AAA71887.1           -           1331   0.00065   14.0   0.2   1   2      0.46        22   -1.0   0.0   371   401    75   105    74   129 0.85 -
GH51_12.hmm          -            523 AAA71887.1           -           1331   0.00065   14.0   0.2   2   2   5.8e-05    0.0028   11.9   0.1   433   499  1219  1284  1204  1314 0.74 -
GH44.hmm             -            514 AAK78891.1           -            606    5e-199  657.9  19.3   1   1  1.3e-201  5.9e-199  657.7  19.3     3   513    33   542    31   543 0.98 -
dockerin.hmm         -             21 AAK78891.1           -            606   3.2e-14   47.9   7.5   1   2   5.1e-11   2.2e-08   29.4   0.6     1    20   552   571   552   572 0.97 -
dockerin.hmm         -             21 AAK78891.1           -            606   3.2e-14   47.9   7.5   2   2   2.9e-08   1.3e-05   20.7   1.2     1    19   584   602   584   603 0.95 -
GH44.hmm             -            514 AGF55632.1           -            608  3.8e-198  655.0  13.7   1   1  1.5e-200  4.5e-198  654.8  13.7     3   513    32   544    30   545 0.97 -
dockerin.hmm         -             21 AGF55632.1           -            608   2.1e-11   39.0   6.2   1   2   2.1e-08   6.1e-06   21.7   1.4     1    21   555   575   555   575 0.97 -
dockerin.hmm         -             21 AGF55632.1           -            608   2.1e-11   39.0   6.2   2   2     2e-07   5.7e-05   18.6   0.2     1    21   587   607   587   607 0.91 -
GH124.hmm            -            332 AGF55632.1           -            608   0.00066   14.6   0.1   1   1     4e-06    0.0012   13.8   0.1    32    92   549   606   536   608 0.83 -
GH44.hmm             -            514 AAA22303.1           -            700  1.8e-203  672.5   6.5   1   1  1.1e-205  2.3e-203  672.2   6.5     2   513    33   542    32   543 0.98 -
CBM3.hmm             -             88 AAA22303.1           -            700   1.1e-22   76.2   0.2   1   1     2e-24   4.3e-22   74.3   0.2     1    88   556   636   556   636 0.96 -
GH39.hmm             -            431 AAA22303.1           -            700   0.00014   16.6   0.2   1   1   1.1e-06   0.00025   15.8   0.2   129   254   192   345   182   386 0.72 -
GH51_6.hmm           -            272 AAA22303.1           -            700   0.00044   15.6   0.0   1   1   5.3e-06    0.0012   14.3   0.0   121   181   195   282   172   327 0.70 -
GH44.hmm             -            514 AAW12876.1           -           1352    3e-205  678.4   9.3   1   1  4.7e-207  5.2e-205  677.6   9.3     2   513    42   551    41   552 0.98 -
GH26.hmm             -            303 AAW12876.1           -           1352  3.4e-116  383.7   8.1   1   1  8.2e-118    9e-116  382.4   8.1     2   303   788  1089   787  1089 0.96 -
CBM35.hmm            -            119 AAW12876.1           -           1352   9.2e-34  112.0   0.3   1   4       7.2   7.8e+02   -4.0   0.8    52    74   603   625   572   640 0.50 -
CBM35.hmm            -            119 AAW12876.1           -           1352   9.2e-34  112.0   0.3   2   4   8.4e-36   9.2e-34  112.0   0.3     1   119   656   771   656   771 0.99 -
CBM35.hmm            -            119 AAW12876.1           -           1352   9.2e-34  112.0   0.3   3   4       2.7   2.9e+02   -2.6   0.0    27    53   890   918   882   920 0.71 -
CBM35.hmm            -            119 AAW12876.1           -           1352   9.2e-34  112.0   0.3   4   4         8   8.8e+02   -4.6   1.8    24    52  1146  1174  1125  1192 0.53 -
CBM3.hmm             -             88 AAW12876.1           -           1352   5.5e-26   86.8   0.9   1   3       5.1   5.6e+02   -2.9   0.2    37    41   624   628   592   643 0.54 -
CBM3.hmm             -             88 AAW12876.1           -           1352   5.5e-26   86.8   0.9   2   3         8   8.8e+02   -3.6   0.8    50    87  1134  1172  1127  1186 0.58 -
CBM3.hmm             -             88 AAW12876.1           -           1352   5.5e-26   86.8   0.9   3   3     5e-28   5.5e-26   86.8   0.9     1    88  1204  1285  1204  1285 0.99 -
GH119.hmm            -           1070 AAW12876.1           -           1352   3.7e-12   40.3  21.7   1   2   3.4e-08   3.7e-06   20.5   3.3   817   887   561   636   530   647 0.75 -
GH119.hmm            -           1070 AAW12876.1           -           1352   3.7e-12   40.3  21.7   2   2   1.4e-09   1.6e-07   25.0  10.5   812   896  1100  1190  1085  1208 0.75 -
CBM6.hmm             -            138 AAW12876.1           -           1352   1.6e-07   27.7   0.1   1   4     0.016       1.8    4.8   1.2    30    74   590   636   561   645 0.71 -
CBM6.hmm             -            138 AAW12876.1           -           1352   1.6e-07   27.7   0.1   2   4   1.4e-09   1.6e-07   27.7   0.1    18   136   657   771   650   773 0.84 -
CBM6.hmm             -            138 AAW12876.1           -           1352   1.6e-07   27.7   0.1   3   4      0.33        36    0.6   3.3    30   108  1134  1210  1115  1238 0.70 -
CBM6.hmm             -            138 AAW12876.1           -           1352   1.6e-07   27.7   0.1   4   4       3.2   3.5e+02   -2.6   0.2    37    55  1298  1316  1273  1330 0.64 -
CBM37.hmm            -             62 AAW12876.1           -           1352    0.0001   18.1   3.6   1   3       3.6   3.9e+02   -2.9   0.0    39    51   534   546   528   547 0.75 -
CBM37.hmm            -             62 AAW12876.1           -           1352    0.0001   18.1   3.6   2   3   9.4e-07    0.0001   18.1   3.6     4    61   571   631   568   632 0.90 -
CBM37.hmm            -             62 AAW12876.1           -           1352    0.0001   18.1   3.6   3   3    0.0079      0.86    5.6   7.9     6    61  1117  1175  1113  1176 0.91 -
CBM84.hmm            -             97 AAW12876.1           -           1352    0.0096   11.9   0.0   1   3       2.6   2.9e+02   -2.4   0.1    11    33   605   627   600   636 0.74 -
CBM84.hmm            -             97 AAW12876.1           -           1352    0.0096   11.9   0.0   2   3   8.8e-05    0.0096   11.9   0.0     5    79   659   729   655   732 0.80 -
CBM84.hmm            -             97 AAW12876.1           -           1352    0.0096   11.9   0.0   3   3       6.5   7.1e+02   -3.7   1.3     7    58  1122  1175  1116  1180 0.50 -
GH44.hmm             -            514 CAC83072.1           -            808    2e-180  596.5   6.5   1   1    1e-182    3e-180  595.9   6.5     4   513    37   529    35   530 0.96 -
CBM76.hmm            -            161 CAC83072.1           -            808   1.9e-82  270.5   8.9   1   2      0.95   2.8e+02   -3.1   0.1    55    64    89    98    86   123 0.79 -
CBM76.hmm            -            161 CAC83072.1           -            808   1.9e-82  270.5   8.9   2   2   6.6e-85   1.9e-82  270.5   8.9     1   161   532   693   532   693 0.99 -
GH124.hmm            -            332 CAC83072.1           -            808   7.2e-08   27.6   0.0   1   1   5.1e-10   1.5e-07   26.6   0.0    33   100   730   807   705   808 0.86 -
GH44.hmm             -            514 WP_009985075.1       -            800  5.4e-186  614.9   8.3   1   1  2.6e-188  7.6e-186  614.4   8.3     4   513    37   529    35   530 0.97 -
CBM76.hmm            -            161 WP_009985075.1       -            800   3.4e-69  227.5   5.1   1   4       2.4     7e+02   -4.4   0.5    55    63    89    97    87   100 0.82 -
CBM76.hmm            -            161 WP_009985075.1       -            800   3.4e-69  227.5   5.1   2   4       1.4     4e+02   -3.6   0.1   107   135   131   159   118   162 0.72 -
CBM76.hmm            -            161 WP_009985075.1       -            800   3.4e-69  227.5   5.1   3   4      0.93   2.7e+02   -3.0   0.1    70   107   429   467   423   486 0.61 -
CBM76.hmm            -            161 WP_009985075.1       -            800   3.4e-69  227.5   5.1   4   4   1.2e-71   3.4e-69  227.5   5.1     1   161   532   695   532   695 0.96 -
GH124.hmm            -            332 WP_009985075.1       -            800   2.7e-13   45.4   0.1   1   1   1.7e-15   4.8e-13   44.6   0.1    33   101   729   799   715   800 0.94 -
#
# Program:         hmmscan
# Version:         3.4 (Aug 2023)
# Pipeline mode:   SCAN
# Query file:      GH44.faa
# Target file:     /home/ubuntu/storage/thesis/data/dbcan/dbCAN.hmm
# Option settings: /tmp/tmpml6_6cm__hmmscan --domtblout GH44_dom.tbl --cpu 8 /home/ubuntu/storage/thesis/data/dbcan/dbCAN.hmm GH44.faa 
# Current dir:     /home/ubuntu/storage/thesis/GH_families/preparing_hmmer_profiles
# Date:            Sat Apr 18 10:59:32 2026
# [ok]
