#                                                                            --- full sequence --- -------------- this domain -------------   hmm coord   ali coord   env coord
# target name        accession   tlen query name           accession   qlen   E-value  score  bias   #  of  c-Evalue  i-Evalue  score  bias  from    to  from    to  from    to  acc description of target
#------------------- ---------- ----- -------------------- ---------- ----- --------- ------ ----- --- --- --------- --------- ------ ----- ----- ----- ----- ----- ----- ----- ---- ---------------------
GH45.hmm             -            198 ACE82688.1           -            511   1.4e-73  243.4  10.6   1   2       2.5   5.4e+02   -3.3   0.3   135   135   192   192   156   227 0.55 -
GH45.hmm             -            198 ACE82688.1           -            511   1.4e-73  243.4  10.6   2   2   6.2e-76   1.4e-73  243.4  10.6     1   196   269   497   269   499 0.97 -
GH45_1.hmm           -            201 ACE82688.1           -            511   8.3e-70  231.0  10.5   1   2      0.92     2e+02   -2.0   0.6    26    60   177   211   151   236 0.57 -
GH45_1.hmm           -            201 ACE82688.1           -            511   8.3e-70  231.0  10.5   2   2   3.8e-72   8.3e-70  231.0  10.5     1   200   269   497   269   498 0.93 -
CBM2.hmm             -            101 ACE82688.1           -            511   8.1e-26   86.3  10.0   1   4   3.7e-28   8.1e-26   86.3  10.0     3    93    32   122    30   127 0.92 -
CBM2.hmm             -            101 ACE82688.1           -            511   8.1e-26   86.3  10.0   2   4       1.6   3.5e+02   -2.4   3.2    38    82   153   199   128   217 0.55 -
CBM2.hmm             -            101 ACE82688.1           -            511   8.1e-26   86.3  10.0   3   4       3.8   8.2e+02   -3.6   0.3    73    73   243   243   222   262 0.44 -
CBM2.hmm             -            101 ACE82688.1           -            511   8.1e-26   86.3  10.0   4   4       1.5   3.4e+02   -2.4   0.0    57    75   351   369   336   388 0.67 -
CBM10.hmm            -             28 ACE82688.1           -            511   4.6e-13   44.9   8.1   1   3   2.1e-15   4.6e-13   44.9   8.1     2    28   181   207   180   207 0.98 -
CBM10.hmm            -             28 ACE82688.1           -            511   4.6e-13   44.9   8.1   2   3         4   8.8e+02   -8.5   7.2     2    19   267   284   267   285 0.71 -
CBM10.hmm            -             28 ACE82688.1           -            511   4.6e-13   44.9   8.1   3   3      0.22        48    0.1   0.1    18    24   410   416   406   417 0.79 -
GH45.hmm             -            198 ACX75523.1           -            475   5.2e-63  208.9   6.2   1   1     3e-65   8.8e-63  208.1   6.2     1   195   151   421   151   424 0.92 -
GH45_1.hmm           -            201 ACX75523.1           -            475   1.9e-60  200.5   6.0   1   1   9.2e-63   2.7e-60  200.0   6.0     1   199   151   421   151   423 0.87 -
GH45_2.hmm           -             97 ACX75523.1           -            475     0.012   11.9   5.5   1   2      0.22        65   -0.1   0.2     4    35   154   187   152   196 0.71 -
GH45_2.hmm           -             97 ACX75523.1           -            475     0.012   11.9   5.5   2   2   2.7e-05    0.0079   12.4   1.1     7    88   217   300   212   309 0.73 -
GH45.hmm             -            198 AKC91346.1           -            363   2.8e-87  288.1  17.1   1   2         3   8.8e+02  -19.9  25.5     8    70    38   114    33   160 0.30 -
GH45.hmm             -            198 AKC91346.1           -            363   2.8e-87  288.1  17.1   2   2   9.6e-90   2.8e-87  288.1  17.1     1   197   161   360   161   361 0.99 -
GH45_1.hmm           -            201 AKC91346.1           -            363     1e-86  286.2  16.9   1   2         3   8.8e+02  -16.6  20.6     8    58    38   101    33   159 0.53 -
GH45_1.hmm           -            201 AKC91346.1           -            363     1e-86  286.2  16.9   2   2   3.6e-89     1e-86  286.2  16.9     1   201   161   360   161   360 0.97 -
CBM1.hmm             -             29 AKC91346.1           -            363   4.4e-17   57.6  39.3   1   5   3.8e-13   1.1e-10   37.1  14.2     2    29    25    52    24    52 0.98 -
CBM1.hmm             -             29 AKC91346.1           -            363   4.4e-17   57.6  39.3   2   5   3.3e-12   9.6e-10   34.1  17.1     2    29    84   111    83   111 0.99 -
CBM1.hmm             -             29 AKC91346.1           -            363   4.4e-17   57.6  39.3   3   5       1.3   3.8e+02   -3.0   2.7    14    26   187   200   167   201 0.61 -
CBM1.hmm             -             29 AKC91346.1           -            363   4.4e-17   57.6  39.3   4   5       1.6   4.7e+02   -3.3   0.2    19    28   210   219   208   219 0.81 -
CBM1.hmm             -             29 AKC91346.1           -            363   4.4e-17   57.6  39.3   5   5       2.2   6.4e+02   -3.7   0.1    11    17   355   361   355   361 0.70 -
GH45_2.hmm           -             97 ABR92637.1           -            195   2.1e-22   75.2   2.8   1   2   7.3e-25   2.1e-22   75.2   2.8     1    96    36   130    36   131 0.84 -
GH45_2.hmm           -             97 ABR92637.1           -            195   2.1e-22   75.2   2.8   2   2      0.82   2.4e+02   -1.9   0.0    10    19   134   143   131   180 0.49 -
GH45.hmm             -            198 ABR92637.1           -            195   1.7e-18   63.6   2.8   1   3   9.1e-06    0.0027   14.0   0.2     1    21    36    56    36    75 0.84 -
GH45.hmm             -            198 ABR92637.1           -            195   1.7e-18   63.6   2.8   2   3   1.5e-08   4.4e-06   23.1   0.0    72   114    82   129    62   141 0.84 -
GH45.hmm             -            198 ABR92637.1           -            195   1.7e-18   63.6   2.8   3   3   7.1e-10   2.1e-07   27.4   0.1   151   197   129   189   125   191 0.88 -
GH45_3.hmm           -             80 ABR92637.1           -            195   3.2e-06   23.1   6.3   1   1   5.2e-08   1.5e-05   21.0   6.3    28    79    76   129    37   130 0.84 -
GH45_2.hmm           -             97 ABR92638.1           -            195   2.3e-23   78.3   4.2   1   1   1.7e-25   3.8e-23   77.6   4.2     1    96    36   130    36   136 0.79 -
GH45.hmm             -            198 ABR92638.1           -            195   2.7e-19   66.2   2.5   1   3   1.3e-05    0.0029   13.9   0.2     1    20    36    55    36    73 0.86 -
GH45.hmm             -            198 ABR92638.1           -            195   2.7e-19   66.2   2.5   2   3     5e-08   1.1e-05   21.8   0.0    72   113    82   128    63   131 0.86 -
GH45.hmm             -            198 ABR92638.1           -            195   2.7e-19   66.2   2.5   3   3   1.1e-10   2.4e-08   30.5   0.1   151   197   129   189   125   191 0.88 -
GH45_3.hmm           -             80 ABR92638.1           -            195   7.3e-06   22.0   0.4   1   2       0.4        88   -0.7   0.3     3    19    39    55    37    60 0.79 -
GH45_3.hmm           -             80 ABR92638.1           -            195   7.3e-06   22.0   0.4   2   2   3.3e-08   7.3e-06   22.0   0.4    35    79    83   129    67   130 0.86 -
GH45_1.hmm           -            201 ABR92638.1           -            195   0.00018   17.8   2.6   1   3     0.032         7    2.7   0.2     2    23    37    58    36    85 0.83 -
GH45_1.hmm           -            201 ABR92638.1           -            195   0.00018   17.8   2.6   2   3     0.012       2.7    4.1   0.0    83   111    87   123    75   162 0.81 -
GH45_1.hmm           -            201 ABR92638.1           -            195   0.00018   17.8   2.6   3   3   0.00017     0.038   10.1   0.1   179   199   166   186   161   189 0.88 -
GH45.hmm             -            198 AFN89565.1           -            238   2.2e-82  272.1  16.3   1   1   5.8e-85   2.5e-82  271.9  16.3     1   197    35   235    35   236 0.97 -
GH45_1.hmm           -            201 AFN89565.1           -            238   8.4e-82  270.2  15.1   1   1   2.2e-84   9.7e-82  270.0  15.1     1   201    35   235    35   235 0.98 -
GH45_2.hmm           -             97 BAP19116.1           -            197     1e-23   79.4   4.5   1   2   3.6e-26     1e-23   79.4   4.5     1    95    37   130    37   132 0.86 -
GH45_2.hmm           -             97 BAP19116.1           -            197     1e-23   79.4   4.5   2   2      0.24        71   -0.2   0.3    49    53   132   136   128   194 0.59 -
GH45.hmm             -            198 BAP19116.1           -            197   4.7e-15   52.4   6.6   1   3   0.00014     0.041   10.1   0.6     1    20    37    56    37    70 0.84 -
GH45.hmm             -            198 BAP19116.1           -            197   4.7e-15   52.4   6.6   2   3   4.2e-09   1.2e-06   24.9   0.1    63   114    73   130    61   132 0.83 -
GH45.hmm             -            198 BAP19116.1           -            197   4.7e-15   52.4   6.6   3   3   6.6e-08   1.9e-05   21.0   0.1   151   195   130   188   126   193 0.85 -
GH45_3.hmm           -             80 BAP19116.1           -            197   5.3e-06   22.4   4.5   1   1   3.6e-08     1e-05   21.5   4.1    23    79    71   130    38   131 0.83 -
GH45.hmm             -            198 AAN78326.1           -            237   1.2e-79  263.2  17.1   1   1   3.1e-82   1.4e-79  263.0  17.1     1   197    35   235    35   236 0.98 -
GH45_1.hmm           -            201 AAN78326.1           -            237   8.1e-77  253.9  16.3   1   1   2.1e-79   9.3e-77  253.7  16.3     1   201    35   235    35   235 0.98 -
GH45.hmm             -            198 AAR22385.1           -            239     5e-82  270.9  15.5   1   1   1.3e-84   5.8e-82  270.7  15.5     1   197    35   236    35   237 0.97 -
GH45_1.hmm           -            201 AAR22385.1           -            239   4.2e-81  267.9  14.9   1   1   1.1e-83   4.9e-81  267.7  14.9     1   201    35   236    35   236 0.97 -
GH45.hmm             -            198 AHI15752.1           -            238   6.4e-81  267.3  15.9   1   1   1.7e-83   7.4e-81  267.1  15.9     1   197    35   235    35   236 0.98 -
GH45_1.hmm           -            201 AHI15752.1           -            238   1.8e-80  265.8  15.0   1   1   4.8e-83   2.1e-80  265.6  15.0     1   201    35   235    35   235 0.98 -
GH45.hmm             -            198 AHI15753.1           -            239   6.7e-81  267.3  18.8   1   1   1.8e-83   7.7e-81  267.1  18.8     1   197    35   236    35   237 0.97 -
GH45_1.hmm           -            201 AHI15753.1           -            239   2.5e-79  262.1  17.5   1   1   6.5e-82   2.8e-79  261.9  17.5     1   201    35   236    35   236 0.97 -
GH45.hmm             -            198 AKH90729.1           -            237   3.1e-81  268.4  15.4   1   1   8.2e-84   3.6e-81  268.2  15.4     1   197    35   235    35   236 0.98 -
GH45_1.hmm           -            201 AKH90729.1           -            237   1.6e-80  266.1  14.4   1   1   4.1e-83   1.8e-80  265.9  14.4     1   201    35   235    35   235 0.98 -
GH45.hmm             -            198 BAD34544.1           -            286   2.2e-90  298.2  15.4   1   2      0.62   2.7e+02   -2.4   0.4    15    28    26    39    17    74 0.40 -
GH45.hmm             -            198 BAD34544.1           -            286   2.2e-90  298.2  15.4   2   2   4.9e-93   2.2e-90  298.2  15.4     1   197    81   281    81   282 0.99 -
GH45_1.hmm           -            201 BAD34544.1           -            286     2e-89  295.1  15.1   1   2      0.81   3.6e+02   -2.8   0.6    10    35    21    42    19    74 0.37 -
GH45_1.hmm           -            201 BAD34544.1           -            286     2e-89  295.1  15.1   2   2   4.7e-92     2e-89  295.1  15.1     1   201    81   281    81   281 0.98 -
GH45.hmm             -            198 BAD34548.1           -            359   1.5e-89  295.5  15.8   1   2      0.79   3.5e+02   -2.7   1.7    41    64   101   124    41   149 0.52 -
GH45.hmm             -            198 BAD34548.1           -            359   1.5e-89  295.5  15.8   2   2   3.3e-92   1.5e-89  295.5  15.8     1   197   154   354   154   355 0.99 -
GH45_1.hmm           -            201 BAD34548.1           -            359   2.1e-88  291.8  15.3   1   2       1.1   4.9e+02   -3.3   0.9    50    64   108   122    66   145 0.48 -
GH45_1.hmm           -            201 BAD34548.1           -            359   2.1e-88  291.8  15.3   2   2   4.7e-91   2.1e-88  291.8  15.3     1   201   154   354   154   354 0.98 -
GH45.hmm             -            198 BAD34546.1           -            224   5.5e-93  306.7  14.9   1   1   1.4e-95   6.3e-93  306.5  14.9     1   197    19   218    19   219 0.99 -
GH45_1.hmm           -            201 BAD34546.1           -            224   1.1e-91  302.4  15.1   1   1   2.9e-94   1.3e-91  302.3  15.1     1   201    19   218    19   218 0.99 -
GH45_1.hmm           -            201 QCF40862.1           -            241   1.5e-78  259.6  14.5   1   1   3.9e-81   1.7e-78  259.4  14.5     1   201    34   237    34   237 0.98 -
GH45.hmm             -            198 QCF40862.1           -            241   6.6e-77  254.2  14.9   1   1   1.7e-79   7.6e-77  254.0  14.9     1   197    34   237    34   238 0.96 -
GH45_1.hmm           -            201 ADU33285.1           -            243   4.5e-81  267.8  11.3   1   1   1.2e-83   5.2e-81  267.6  11.3     1   201    36   241    36   241 0.94 -
GH45.hmm             -            198 ADU33285.1           -            243   3.1e-80  265.1  11.4   1   1   8.1e-83   3.6e-80  264.9  11.4     1   197    36   241    36   242 0.96 -
GH45.hmm             -            198 AAQ38150.1           -            225   1.2e-92  305.6  13.8   1   1   3.2e-95   1.4e-92  305.4  13.8     1   197    24   223    24   224 0.99 -
GH45_1.hmm           -            201 AAQ38150.1           -            225   2.2e-90  298.2  13.4   1   1   5.8e-93   2.5e-90  298.0  13.4     1   201    24   223    24   223 0.97 -
GH45_2.hmm           -             97 BAH23793.1           -            208   3.3e-27   90.6   4.5   1   2   7.5e-30   3.3e-27   90.6   4.5     1    92    36   125    36   130 0.89 -
GH45_2.hmm           -             97 BAH23793.1           -            208   3.3e-27   90.6   4.5   2   2      0.57   2.5e+02   -2.0   0.0    48    59   130   141   125   165 0.69 -
GH45_3.hmm           -             80 BAH23793.1           -            208   1.6e-06   24.1   1.7   1   1   9.2e-09     4e-06   22.8   1.7    17    75    64   124    37   128 0.86 -
GH45.hmm             -            198 AAY00851.1           -            226   2.9e-81  268.5  14.6   1   1   7.5e-84   3.3e-81  268.3  14.6     1   197    26   223    26   224 0.97 -
GH45_1.hmm           -            201 AAY00851.1           -            226   1.2e-80  266.5  13.3   1   1     3e-83   1.3e-80  266.3  13.3     1   201    26   223    26   223 0.97 -
GH45.hmm             -            198 ACV50414.1           -            225   4.8e-87  287.3  21.1   1   1   1.3e-89   5.5e-87  287.1  21.1     1   197    22   219    22   220 0.99 -
GH45_1.hmm           -            201 ACV50414.1           -            225     1e-85  283.0  20.4   1   1   2.6e-88   1.1e-85  282.8  20.4     1   201    22   219    22   219 0.98 -
GH45_1.hmm           -            201 QCF40868.1           -            238   3.8e-82  271.3  12.3   1   1     1e-84   4.4e-82  271.1  12.3     1   201    33   234    33   234 0.97 -
GH45.hmm             -            198 QCF40868.1           -            238   5.8e-81  267.5  12.4   1   1   1.5e-83   6.7e-81  267.3  12.4     1   197    33   234    33   235 0.98 -
GH45_1.hmm           -            201 QCF40877.1           -            239   2.8e-73  242.4   8.5   1   1   7.5e-76   3.3e-73  242.1   8.5     1   201    33   236    33   236 0.97 -
GH45.hmm             -            198 QCF40877.1           -            239   3.6e-72  238.8   9.0   1   1   9.8e-75   4.3e-72  238.5   9.0     1   197    33   236    33   237 0.95 -
GH45_1.hmm           -            201 AFI56547.1           -            239     1e-82  273.2  13.6   1   1   2.6e-85   1.1e-82  273.0  13.6     1   201    36   237    36   237 0.97 -
GH45.hmm             -            198 AFI56547.1           -            239   5.9e-82  270.7  14.2   1   1   1.6e-84   6.8e-82  270.5  14.2     1   197    36   237    36   238 0.97 -
GH45_3.hmm           -             80 BAI58030.1           -            206   5.2e-42  137.8   7.1   1   1   2.6e-44   1.1e-41  136.7   7.1     1    79    40   118    40   119 0.99 -
GH45_2.hmm           -             97 BAI58030.1           -            206   2.9e-08   29.8   5.8   1   2   6.7e-11   2.9e-08   29.8   5.8     4    95    29   118    26   120 0.85 -
GH45_2.hmm           -             97 BAI58030.1           -            206   2.9e-08   29.8   5.8   2   2       1.7   7.2e+02   -3.5   4.3    40    55   183   199   137   204 0.53 -
GH45.hmm             -            198 AZH23718.1           -            239   2.2e-82  272.1  12.1   1   1   5.9e-85   2.6e-82  271.9  12.1     1   197    37   237    37   238 0.98 -
GH45_1.hmm           -            201 AZH23718.1           -            239   2.6e-81  268.6  12.0   1   1   6.9e-84     3e-81  268.4  12.0     1   201    37   237    37   237 0.97 -
GH45_3.hmm           -             80 EPQ56593.1           -            204   9.4e-41  133.8   8.2   1   1   5.6e-43   2.5e-40  132.4   8.2     1    79    39   117    39   118 0.99 -
GH45_2.hmm           -             97 EPQ56593.1           -            204   7.2e-08   28.6   5.8   1   2   1.7e-10   7.2e-08   28.6   5.8    20    96    44   118    23   119 0.78 -
GH45_2.hmm           -             97 EPQ56593.1           -            204   7.2e-08   28.6   5.8   2   2      0.54   2.4e+02   -1.9   3.9    23    55   167   197   139   202 0.54 -
GH45.hmm             -            198 BAA74956.1           -            305   9.4e-87  286.4  10.4   1   2   3.2e-89   9.4e-87  286.4  10.4     1   197    24   220    24   221 0.98 -
GH45.hmm             -            198 BAA74956.1           -            305   9.4e-87  286.4  10.4   2   2      0.99   2.9e+02   -2.5   1.9    31    53   255   277   232   301 0.53 -
GH45_1.hmm           -            201 BAA74956.1           -            305   6.9e-82  270.5  10.5   1   2   2.4e-84   6.9e-82  270.5  10.5     1   201    24   220    24   220 0.97 -
GH45_1.hmm           -            201 BAA74956.1           -            305   6.9e-82  270.5  10.5   2   2       1.1   3.3e+02   -2.7   1.1    40    55   262   277   234   301 0.52 -
CBM1.hmm             -             29 BAA74956.1           -            305   1.3e-14   49.7  12.6   1   2         1   2.9e+02   -2.6   0.2    19    28    74    83    62    83 0.58 -
CBM1.hmm             -             29 BAA74956.1           -            305   1.3e-14   49.7  12.6   2   2   4.6e-17   1.3e-14   49.7  12.6     2    29   274   301   273   301 0.98 -
GH45.hmm             -            198 BAA74957.1           -            227   7.5e-79  260.6   7.8   1   1   2.1e-81   9.2e-79  260.3   7.8     1   173    23   197    23   205 0.97 -
GH45_1.hmm           -            201 BAA74957.1           -            227   8.1e-77  253.9   8.6   1   1   2.3e-79     1e-76  253.6   8.6     1   176    23   196    23   204 0.97 -
GH45.hmm             -            198 CAB42307.1           -            305   5.3e-86  283.9   9.8   1   2   1.8e-88   5.3e-86  283.9   9.8     1   197    24   220    24   221 0.98 -
GH45.hmm             -            198 CAB42307.1           -            305   5.3e-86  283.9   9.8   2   2      0.91   2.7e+02   -2.3   2.5    22    53   246   277   231   301 0.58 -
GH45_1.hmm           -            201 CAB42307.1           -            305   2.2e-81  268.9   9.7   1   2   7.4e-84   2.2e-81  268.9   9.7     1   201    24   220    24   220 0.97 -
GH45_1.hmm           -            201 CAB42307.1           -            305   2.2e-81  268.9   9.7   2   2       1.2   3.6e+02   -2.8   1.8    32    55   255   277   234   301 0.50 -
CBM1.hmm             -             29 CAB42307.1           -            305   1.3e-14   49.7  12.6   1   2      0.85   2.5e+02   -2.4   0.2    16    28    68    83    61    83 0.56 -
CBM1.hmm             -             29 CAB42307.1           -            305   1.3e-14   49.7  12.6   2   2   4.6e-17   1.3e-14   49.7  12.6     2    29   274   301   273   301 0.98 -
GH45_1.hmm           -            201 CAY71902.1           -            614   5.3e-83  274.1  10.2   1   2       2.9   8.6e+02   -4.1   1.8     6    21    55    70    22   132 0.61 -
GH45_1.hmm           -            201 CAY71902.1           -            614   5.3e-83  274.1  10.2   2   2   1.8e-85   5.3e-83  274.1  10.2     1   201   411   609   411   609 0.98 -
GH45.hmm             -            198 CAY71902.1           -            614   6.4e-83  273.9  10.9   1   4         3   8.8e+02   -4.1   2.0    48    75    37    64    17    93 0.55 -
GH45.hmm             -            198 CAY71902.1           -            614   6.4e-83  273.9  10.9   2   4         3   8.8e+02   -4.1   1.0    27    46   101   121    51   134 0.55 -
GH45.hmm             -            198 CAY71902.1           -            614   6.4e-83  273.9  10.9   3   4         3   8.8e+02   -5.1   4.4    28    49   341   362   314   402 0.43 -
GH45.hmm             -            198 CAY71902.1           -            614   6.4e-83  273.9  10.9   4   4   2.2e-85   6.4e-83  273.9  10.9     1   197   411   609   411   610 0.97 -
CBM1.hmm             -             29 CAY71902.1           -            614     4e-56  182.5  86.6   1   6   4.8e-14   1.4e-11   40.0   9.4     2    29    28    55    27    55 0.98 -
CBM1.hmm             -             29 CAY71902.1           -            614     4e-56  182.5  86.6   2   6   8.8e-15   2.6e-12   42.3  14.2     2    29   100   127    99   127 0.98 -
CBM1.hmm             -             29 CAY71902.1           -            614     4e-56  182.5  86.6   3   6     4e-13   1.2e-10   37.0   9.8     2    29   160   187   159   187 0.99 -
CBM1.hmm             -             29 CAY71902.1           -            614     4e-56  182.5  86.6   4   6   1.8e-15   5.1e-13   44.6   8.2     1    29   239   266   239   266 0.98 -
CBM1.hmm             -             29 CAY71902.1           -            614     4e-56  182.5  86.6   5   6   1.7e-15   5.1e-13   44.6  10.7     1    29   312   339   312   339 0.98 -
CBM1.hmm             -             29 CAY71902.1           -            614     4e-56  182.5  86.6   6   6       1.2   3.4e+02   -2.8   0.0    20    28   461   469   459   469 0.83 -
GH45_1.hmm           -            201 QCF40865.1           -            242   3.4e-75  248.6   4.5   1   1     9e-78   3.9e-75  248.4   4.5     1   201    35   238    35   238 0.96 -
GH45.hmm             -            198 QCF40865.1           -            242   6.4e-72  238.0   4.8   1   1   1.7e-74   7.3e-72  237.8   4.8     1   197    35   238    35   239 0.95 -
GH45_1.hmm           -            201 ADU33346.1           -            242   1.1e-79  263.3   8.4   1   1   2.8e-82   1.2e-79  263.1   8.4     1   201    35   238    35   238 0.97 -
GH45.hmm             -            198 ADU33346.1           -            242   1.7e-77  256.2   8.8   1   1   4.4e-80   1.9e-77  256.0   8.8     1   197    35   238    35   239 0.95 -
GH45_1.hmm           -            201 ADU33347.1           -            243   2.7e-78  258.8   5.5   1   1   7.4e-81   3.2e-78  258.5   5.5     1   201    37   239    37   239 0.96 -
GH45.hmm             -            198 ADU33347.1           -            243   1.5e-76  253.1   6.5   1   1   4.3e-79   1.9e-76  252.8   6.5     1   197    37   239    37   240 0.97 -
GH45_1.hmm           -            201 ADU33349.1           -            237   3.1e-77  255.3   6.8   1   1   8.3e-80   3.7e-77  255.1   6.8     1   201    35   234    35   234 0.98 -
GH45.hmm             -            198 ADU33349.1           -            237   2.2e-75  249.3   7.5   1   1     6e-78   2.6e-75  249.0   7.5     1   197    35   234    35   235 0.98 -
GH45_1.hmm           -            201 ADU33350.1           -            236   3.1e-82  271.6  14.7   1   1   8.3e-85   3.6e-82  271.4  14.7     1   201    34   234    34   234 0.98 -
GH45.hmm             -            198 ADU33350.1           -            236   5.5e-81  267.5  15.2   1   1   1.5e-83   6.7e-81  267.3  15.2     1   197    34   234    34   235 0.98 -
GH45.hmm             -            198 AAY00850.1           -            222   4.3e-87  287.5  17.6   1   1   1.1e-89   4.9e-87  287.3  17.6     1   197    22   219    22   220 0.97 -
GH45_1.hmm           -            201 AAY00850.1           -            222   7.1e-86  283.5  17.2   1   1   1.8e-88     8e-86  283.3  17.2     1   201    22   219    22   219 0.98 -
GH45.hmm             -            198 CAD39197.1           -            220   6.6e-81  267.3  13.3   1   1   1.7e-83   7.6e-81  267.1  13.3     1   197    18   214    18   215 0.99 -
GH45_1.hmm           -            201 CAD39197.1           -            220   6.7e-75  247.7  12.6   1   1   1.7e-77   7.6e-75  247.5  12.6     1   201    18   214    18   214 0.96 -
GH45.hmm             -            198 CAD39199.1           -            219   6.1e-80  264.1  11.7   1   1   1.6e-82     7e-80  263.9  11.7     1   197    18   213    18   214 0.98 -
GH45_1.hmm           -            201 CAD39199.1           -            219     9e-74  244.0  11.0   1   1   2.3e-76     1e-73  243.8  11.0     1   201    18   213    18   213 0.96 -
GH45.hmm             -            198 CAD39200.1           -            219   3.1e-79  261.8  12.8   1   1   8.3e-82   3.6e-79  261.6  12.8     1   197    18   213    18   214 0.98 -
GH45_1.hmm           -            201 CAD39200.1           -            219   1.7e-74  246.4  12.0   1   1   4.4e-77   1.9e-74  246.2  12.0     1   200    18   212    18   213 0.96 -
GH45.hmm             -            198 CAD39198.1           -            220   6.9e-81  267.2  13.5   1   1   1.8e-83   7.9e-81  267.0  13.5     1   197    18   214    18   215 0.99 -
GH45_1.hmm           -            201 CAD39198.1           -            220   4.2e-75  248.3  12.9   1   1   1.1e-77   4.8e-75  248.1  12.9     1   201    18   214    18   214 0.96 -
GH45.hmm             -            198 CAD56665.1           -            235   1.4e-86  285.8   8.6   1   1   5.4e-89   1.6e-86  285.6   8.6     1   197    24   219    24   220 0.98 -
GH45_1.hmm           -            201 CAD56665.1           -            235   4.6e-83  274.3   8.6   1   1   1.8e-85   5.3e-83  274.1   8.6     1   201    24   219    24   219 0.97 -
GH45_3.hmm           -             80 CAD56665.1           -            235     0.028   10.5   8.3   1   2    0.0088       2.6    4.2   1.3     3    19    27    43    25    77 0.77 -
GH45_3.hmm           -             80 CAD56665.1           -            235     0.028   10.5   8.3   2   2    0.0011      0.33    7.1   4.0    28    56    93   121    61   130 0.72 -
GH45.hmm             -            198 BAD95808.1           -            338   1.5e-91  302.0  17.9   1   2         3   8.8e+02   -7.0  10.1    40    94    56   108    16   134 0.36 -
GH45.hmm             -            198 BAD95808.1           -            338   1.5e-91  302.0  17.9   2   2   5.2e-94   1.5e-91  302.0  17.9     1   197   137   335   137   336 0.99 -
GH45_1.hmm           -            201 BAD95808.1           -            338   4.4e-89  294.0  17.4   1   2         3   8.8e+02   -4.3   5.4     5    46    56    99    41   130 0.49 -
GH45_1.hmm           -            201 BAD95808.1           -            338   4.4e-89  294.0  17.4   2   2   1.5e-91   4.4e-89  294.0  17.4     1   201   137   335   137   335 0.98 -
CBM1.hmm             -             29 BAD95808.1           -            338   6.9e-14   47.4  12.7   1   3   2.4e-16   6.9e-14   47.4  12.7     2    29    29    58    28    58 0.98 -
CBM1.hmm             -             29 BAD95808.1           -            338   6.9e-14   47.4  12.7   2   3         3   8.8e+02   -4.6   3.0     7    18   132   148   131   151 0.55 -
CBM1.hmm             -             29 BAD95808.1           -            338   6.9e-14   47.4  12.7   3   3       1.2   3.5e+02   -2.9   0.2    11    18   159   167   159   169 0.74 -
GH45.hmm             -            198 BAD95809.1           -            387   2.2e-91  301.5  17.9   1   2         3   8.8e+02  -18.1  23.1    21   100    73   138    22   182 0.44 -
GH45.hmm             -            198 BAD95809.1           -            387   2.2e-91  301.5  17.9   2   2   7.5e-94   2.2e-91  301.5  17.9     1   197   186   384   186   385 0.99 -
GH45_1.hmm           -            201 BAD95809.1           -            387   6.4e-89  293.4  17.4   1   2         3   8.8e+02  -11.5  12.9     5    35   105   134    41   179 0.59 -
GH45_1.hmm           -            201 BAD95809.1           -            387   6.4e-89  293.4  17.4   2   2   2.2e-91   6.4e-89  293.4  17.4     1   201   186   384   186   384 0.98 -
CBM1.hmm             -             29 BAD95809.1           -            387     2e-23   77.9  31.8   1   4   7.9e-16   2.3e-13   45.7  12.2     2    29    29    58    28    58 0.98 -
CBM1.hmm             -             29 BAD95809.1           -            387     2e-23   77.9  31.8   2   4   6.8e-16     2e-13   45.9  11.7     2    29    78   107    77   107 0.98 -
CBM1.hmm             -             29 BAD95809.1           -            387     2e-23   77.9  31.8   3   4         3   8.8e+02   -4.8   3.0     7    18   181   197   180   200 0.55 -
CBM1.hmm             -             29 BAD95809.1           -            387     2e-23   77.9  31.8   4   4       1.4     4e+02   -3.1   0.2    11    18   208   216   208   218 0.74 -
GH45.hmm             -            198 AAB36147.1           -            393   2.4e-65  216.5   9.4   1   1   7.4e-68   3.2e-65  216.1   9.4     1   198    27   235    27   235 0.93 -
GH45_1.hmm           -            201 AAB36147.1           -            393   8.9e-64  211.3   9.2   1   1   2.9e-66   1.3e-63  210.9   9.2     1   201    27   234    27   234 0.94 -
GH45_2.hmm           -             97 CAC59695.1           -            211   1.7e-24   81.9   9.6   1   2   3.9e-27   1.7e-24   81.9   9.6     1    92    34   123    34   133 0.89 -
GH45_2.hmm           -             97 CAC59695.1           -            211   1.7e-24   81.9   9.6   2   2      0.76   3.3e+02   -2.4   0.1    11    11   190   190   155   205 0.62 -
GH45_3.hmm           -             80 CAC59695.1           -            211   7.9e-07   25.1   6.1   1   1     6e-09   2.6e-06   23.4   6.1    10    75    55   122    35   127 0.79 -
GH45.hmm             -            198 CAD70529.1           -            293   1.4e-87  289.1  13.9   1   2   4.7e-90   1.4e-87  289.1  13.9     1   198    26   222    26   222 0.98 -
GH45.hmm             -            198 CAD70529.1           -            293   1.4e-87  289.1  13.9   2   2         3   8.8e+02   -4.4   1.4    31    45   259   273   248   288 0.50 -
GH45_1.hmm           -            201 CAD70529.1           -            293   4.2e-84  277.7  13.2   1   1   2.4e-86   7.1e-84  277.0  13.2     1   201    26   221    26   221 0.98 -
CBM1.hmm             -             29 CAD70529.1           -            293   5.4e-13   44.5  13.3   1   2       0.3        88   -0.9   0.8    18    28    74    84    70    84 0.75 -
CBM1.hmm             -             29 CAD70529.1           -            293   5.4e-13   44.5  13.3   2   2   1.8e-15   5.4e-13   44.5  13.3     1    29   261   289   261   289 0.98 -
GH45_2.hmm           -             97 ACF33814.1           -            266     2e-48  158.6  13.8   1   3   9.2e-51     2e-48  158.6  13.8     1    97    21   118    21   118 0.99 -
GH45_2.hmm           -             97 ACF33814.1           -            266     2e-48  158.6  13.8   2   3         4   8.8e+02   -6.4  10.1    60    79   211   230   165   235 0.65 -
GH45_2.hmm           -             97 ACF33814.1           -            266     2e-48  158.6  13.8   3   3         4   8.8e+02   -7.8  12.4    15    51   215   244   199   264 0.49 -
GH45.hmm             -            198 ACF33814.1           -            266   1.3e-17   60.7  21.8   1   4   8.4e-05     0.018   11.3   0.5     1    20    21    40    21    49 0.88 -
GH45.hmm             -            198 ACF33814.1           -            266   1.3e-17   60.7  21.8   2   4   7.6e-12   1.7e-09   34.2   1.0    48   114    51   116    47   117 0.87 -
GH45.hmm             -            198 ACF33814.1           -            266   1.3e-17   60.7  21.8   3   4   3.1e-11   6.9e-09   32.2   0.2   150   197   115   167   111   169 0.91 -
GH45.hmm             -            198 ACF33814.1           -            266   1.3e-17   60.7  21.8   4   4       1.5   3.2e+02   -2.6   1.4    25    46   233   255   192   264 0.53 -
CBM1.hmm             -             29 ACF33814.1           -            266   3.7e-15   51.4  14.3   1   1   1.2e-16   2.6e-14   48.7  14.3     2    29   234   261   233   261 0.99 -
GH45_3.hmm           -             80 ACF33814.1           -            266   7.4e-12   41.2  12.4   1   4   3.4e-14   7.4e-12   41.2  12.4    13    80    47   117    22   117 0.84 -
GH45_3.hmm           -             80 ACF33814.1           -            266   7.4e-12   41.2  12.4   2   4      0.73   1.6e+02   -1.5   0.2    31    52   155   177   149   188 0.67 -
GH45_3.hmm           -             80 ACF33814.1           -            266   7.4e-12   41.2  12.4   3   4         4   8.8e+02   -4.1   8.4    22    43   209   230   187   237 0.57 -
GH45_3.hmm           -             80 ACF33814.1           -            266   7.4e-12   41.2  12.4   4   4       2.5   5.5e+02   -3.3   1.9    26    48   231   255   222   263 0.50 -
GH45.hmm             -            198 CAA76931.1           -            242   2.5e-74  245.8  13.1   1   1   6.6e-77   2.9e-74  245.6  13.1     1   197    40   240    40   241 0.98 -
GH45_1.hmm           -            201 CAA76931.1           -            242   7.6e-73  241.0  12.4   1   1     2e-75   8.7e-73  240.8  12.4     1   201    40   240    40   240 0.97 -
GH45.hmm             -            198 CCJ09450.1           -            242   9.5e-83  273.3  13.7   1   1   2.5e-85   1.1e-82  273.1  13.7     1   197    40   240    40   241 0.98 -
GH45_1.hmm           -            201 CCJ09450.1           -            242   4.2e-81  267.9  13.3   1   1   1.1e-83   4.8e-81  267.7  13.3     1   201    40   240    40   240 0.98 -
GH45_1.hmm           -            201 CCJ09451.1           -            243   1.8e-80  265.9  10.8   1   1   4.7e-83     2e-80  265.7  10.8     1   201    36   241    36   241 0.94 -
GH45.hmm             -            198 CCJ09451.1           -            243     1e-78  260.1  10.9   1   1   2.7e-81   1.2e-78  259.9  10.9     1   197    36   241    36   242 0.96 -
GH45_1.hmm           -            201 CCJ09452.1           -            240     2e-77  255.9  12.2   1   1   5.2e-80   2.3e-77  255.7  12.2     1   201    33   236    33   236 0.98 -
GH45.hmm             -            198 CCJ09452.1           -            240   6.4e-76  251.0  12.8   1   1   1.7e-78   7.3e-76  250.8  12.8     1   197    33   236    33   237 0.96 -
GH45.hmm             -            198 AGU16531.1           -            235   2.7e-68  226.1   9.4   1   1     8e-71   3.5e-68  225.8   9.4     1   186    31   224    31   229 0.96 -
GH45_1.hmm           -            201 AGU16531.1           -            235   5.7e-68  225.0   9.6   1   1   1.8e-70   7.8e-68  224.6   9.6     2   189    32   223    31   228 0.93 -
GH45.hmm             -            198 AGU16532.1           -            233   1.4e-91  302.1  16.2   1   1   3.8e-94   1.6e-91  301.9  16.2     1   197    26   225    26   226 0.99 -
GH45_1.hmm           -            201 AGU16532.1           -            233   3.5e-89  294.3  16.4   1   1   9.1e-92     4e-89  294.1  16.4     1   201    26   225    26   225 0.98 -
GH45_3.hmm           -             80 BAG68300.1           -            206   5.1e-38  125.0   6.8   1   1   3.3e-40   1.4e-37  123.6   6.8     1    79    40   119    40   120 0.98 -
GH45_2.hmm           -             97 BAG68300.1           -            206   3.2e-09   32.9   4.7   1   3       0.1        44    0.4   0.8    33    52    35    54    11    58 0.51 -
GH45_2.hmm           -             97 BAG68300.1           -            206   3.2e-09   32.9   4.7   2   3   7.3e-12   3.2e-09   32.9   4.7    19    96    44   120    27   121 0.78 -
GH45_2.hmm           -             97 BAG68300.1           -            206   3.2e-09   32.9   4.7   3   3      0.22        95   -0.6   3.1    42    62   164   184   138   204 0.65 -
GH45.hmm             -            198 BAD77808.1           -            346   3.4e-88  291.1  16.4   1   2         3   8.8e+02   -8.1  11.5    47   101    66   121    15   142 0.36 -
GH45.hmm             -            198 BAD77808.1           -            346   3.4e-88  291.1  16.4   2   2   1.2e-90   3.4e-88  291.1  16.4     1   197   145   343   145   344 0.99 -
GH45_1.hmm           -            201 BAD77808.1           -            346   1.8e-85  282.2  16.0   1   2       2.4     7e+02   -3.8   3.7    33    35    92    94    38   136 0.49 -
GH45_1.hmm           -            201 BAD77808.1           -            346   1.8e-85  282.2  16.0   2   2   6.2e-88   1.8e-85  282.2  16.0     1   201   145   343   145   343 0.98 -
CBM1.hmm             -             29 BAD77808.1           -            346     1e-11   40.4  13.8   1   2   3.6e-14     1e-11   40.4  13.8     2    29    26    55    25    55 0.96 -
CBM1.hmm             -             29 BAD77808.1           -            346     1e-11   40.4  13.8   2   2       1.4   4.1e+02   -3.1   0.4     6    14   268   277   268   278 0.76 -
GH45.hmm             -            198 CAB92325.1           -            410   5.8e-84  277.3  60.7   1   4       0.1        29    0.8   5.4    39    83    16    59     4    70 0.80 -
GH45.hmm             -            198 CAB92325.1           -            410   5.8e-84  277.3  60.7   2   4     0.063        18    1.5  15.6     8    83    30   110    24   113 0.66 -
GH45.hmm             -            198 CAB92325.1           -            410   5.8e-84  277.3  60.7   3   4   6.7e-08   1.9e-05   21.0  13.2    29   110   103   185   103   192 0.82 -
GH45.hmm             -            198 CAB92325.1           -            410   5.8e-84  277.3  60.7   4   4   3.7e-83   1.1e-80  266.6  16.3     1   197   199   397   199   398 0.94 -
GH45_1.hmm           -            201 CAB92325.1           -            410     5e-78  257.9  16.7   1   3         3   8.8e+02   -6.2  10.0     6    60    28    85    22   102 0.61 -
GH45_1.hmm           -            201 CAB92325.1           -            410     5e-78  257.9  16.7   2   3         3   8.8e+02   -9.8  18.0    25    73    98   146    78   186 0.66 -
GH45_1.hmm           -            201 CAB92325.1           -            410     5e-78  257.9  16.7   3   3   1.7e-80     5e-78  257.9  16.7     1   201   199   397   199   397 0.96 -
fungi_doc.hmm        -             36 CAB92325.1           -            410     3e-32  106.9  50.6   1   6   3.8e-18   1.1e-15   53.8  10.4     1    36    22    59    22    59 0.97 -
fungi_doc.hmm        -             36 CAB92325.1           -            410     3e-32  106.9  50.6   2   6   2.6e-14   7.7e-12   41.5  12.8     7    36    77   105    72   105 0.90 -
fungi_doc.hmm        -             36 CAB92325.1           -            410     3e-32  106.9  50.6   3   6   1.5e-13   4.4e-11   39.1  11.4     7    36   123   152   119   152 0.91 -
fungi_doc.hmm        -             36 CAB92325.1           -            410     3e-32  106.9  50.6   4   6       1.5   4.4e+02   -2.5   1.8     8    16   205   213   200   228 0.65 -
fungi_doc.hmm        -             36 CAB92325.1           -            410     3e-32  106.9  50.6   5   6       1.8   5.2e+02   -2.7   0.7    11    31   251   270   249   271 0.64 -
fungi_doc.hmm        -             36 CAB92325.1           -            410     3e-32  106.9  50.6   6   6       1.1   3.1e+02   -2.0   0.7     9    16   281   286   277   291 0.75 -
GH45.hmm             -            198 BAA98041.1           -            219     3e-90  297.8  22.5   1   1   7.7e-93   3.4e-90  297.6  22.5     1   198    17   217    17   217 0.97 -
GH45_1.hmm           -            201 BAA98041.1           -            219   4.5e-86  284.1  21.2   1   1   1.2e-88   5.1e-86  284.0  21.2     1   201    17   216    17   216 0.98 -
GH45_1.hmm           -            201 AWL24828.1           -            298   5.9e-86  283.8  13.3   1   1   2.8e-88   8.3e-86  283.3  13.3     1   201    98   295    98   295 0.98 -
GH45.hmm             -            198 AWL24828.1           -            298   6.6e-86  283.6  14.0   1   1   3.8e-88   1.1e-85  282.9  14.0     1   197    98   295    98   296 0.99 -
CBM1.hmm             -             29 AWL24828.1           -            298   2.1e-10   36.2  10.9   1   3   7.1e-13   2.1e-10   36.2  10.9     2    29    23    50    22    50 0.98 -
CBM1.hmm             -             29 AWL24828.1           -            298   2.1e-10   36.2  10.9   2   3       1.3   3.8e+02   -3.0   0.3    11    18   119   127   115   131 0.63 -
CBM1.hmm             -             29 AWL24828.1           -            298   2.1e-10   36.2  10.9   3   3      0.32        94   -1.0   0.5    18    25   145   152   140   154 0.71 -
GH45.hmm             -            198 BAC53956.1           -            338   7.9e-92  302.9  19.4   1   2         3   8.8e+02   -4.4   8.1     5    60    55   113    21   131 0.59 -
GH45.hmm             -            198 BAC53956.1           -            338   7.9e-92  302.9  19.4   2   2   2.7e-94   7.9e-92  302.9  19.4     1   197   133   335   133   336 0.98 -
GH45_1.hmm           -            201 BAC53956.1           -            338   6.1e-91  300.0  18.7   1   2     0.039        11    2.1   2.6     4    60    54   111    51   130 0.60 -
GH45_1.hmm           -            201 BAC53956.1           -            338   6.1e-91  300.0  18.7   2   2   2.1e-93   6.1e-91  300.0  18.7     1   201   133   335   133   335 0.98 -
CBM1.hmm             -             29 BAC53956.1           -            338   1.9e-16   55.5  11.9   1   1   3.5e-18     1e-15   53.2  11.9     2    29    30    57    29    57 0.98 -
GH45.hmm             -            198 BAC53987.1           -            360   3.8e-89  294.2  20.2   1   2         3   8.8e+02   -8.6  12.3    28    91    42   116    20   154 0.45 -
GH45.hmm             -            198 BAC53987.1           -            360   3.8e-89  294.2  20.2   2   2   1.3e-91   3.8e-89  294.2  20.2     1   197   156   357   156   358 0.98 -
GH45_1.hmm           -            201 BAC53987.1           -            360   1.7e-88  292.0  19.1   1   2         3   8.8e+02   -7.4   7.9    31    31   100   100    22   149 0.57 -
GH45_1.hmm           -            201 BAC53987.1           -            360   1.7e-88  292.0  19.1   2   2   5.9e-91   1.7e-88  292.0  19.1     1   201   156   357   156   357 0.98 -
CBM1.hmm             -             29 BAC53987.1           -            360   8.5e-13   43.9   9.9   1   2   2.9e-15   8.5e-13   43.9   9.9     2    29    30    59    29    59 0.96 -
CBM1.hmm             -             29 BAC53987.1           -            360   8.5e-13   43.9   9.9   2   2      0.61   1.8e+02   -1.9   0.8    18    24   204   210   200   214 0.61 -
GH45.hmm             -            198 BAC53988.1           -            366   1.7e-91  301.9  19.0   1   2         3   8.8e+02   -9.5  15.4     9   108    43   145    36   160 0.52 -
GH45.hmm             -            198 BAC53988.1           -            366   1.7e-91  301.9  19.0   2   2   5.8e-94   1.7e-91  301.9  19.0     1   197   161   363   161   364 0.98 -
GH45_1.hmm           -            201 BAC53988.1           -            366   1.3e-90  298.9  18.3   1   2         3   8.8e+02   -9.4  10.3     6    60    56   110    38   156 0.55 -
GH45_1.hmm           -            201 BAC53988.1           -            366   1.3e-90  298.9  18.3   2   2   4.6e-93   1.3e-90  298.9  18.3     1   201   161   363   161   363 0.98 -
CBM1.hmm             -             29 BAC53988.1           -            366   1.8e-30  100.4  30.1   1   2   6.9e-18     2e-15   52.3  11.1     2    29    30    57    29    57 0.98 -
CBM1.hmm             -             29 BAC53988.1           -            366   1.8e-30  100.4  30.1   2   2   6.9e-18     2e-15   52.3  11.1     2    29    77   104    76   104 0.98 -
GH45.hmm             -            198 AFQ94052.1           -            317   9.9e-26   87.2   7.3   1   3       1.3   3.7e+02   -2.8   6.4    23   107    27   112    17   128 0.61 -
GH45.hmm             -            198 AFQ94052.1           -            317   9.9e-26   87.2   7.3   2   3   7.9e-14   2.3e-11   40.3   2.5     1    35   129   163   129   181 0.88 -
GH45.hmm             -            198 AFQ94052.1           -            317   9.9e-26   87.2   7.3   3   3   6.3e-19   1.8e-16   56.9   0.2   155   197   272   314   255   315 0.89 -
GH45_1.hmm           -            201 AFQ94052.1           -            317   1.3e-25   86.7  17.2   1   3         1   2.9e+02   -2.5   0.7   171   172    52    53    18   102 0.58 -
GH45_1.hmm           -            201 AFQ94052.1           -            317   1.3e-25   86.7  17.2   2   3   5.6e-14   1.6e-11   40.7   2.2     1    38   129   165   129   191 0.86 -
GH45_1.hmm           -            201 AFQ94052.1           -            317   1.3e-25   86.7  17.2   3   3   5.5e-19   1.6e-16   57.1   1.1   156   201   261   314   210   314 0.87 -
CBM1.hmm             -             29 AFQ94052.1           -            317   1.7e-15   52.5  11.1   1   2   5.7e-18   1.7e-15   52.5  11.1     2    29    30    57    29    57 0.98 -
CBM1.hmm             -             29 AFQ94052.1           -            317   1.7e-15   52.5  11.1   2   2         3   8.8e+02   -6.0   3.2    15    19   137   141   136   143 0.69 -
GH45.hmm             -            198 APA05802.1           -            328   2.9e-84  278.2  17.8   1   1   1.7e-86   4.9e-84  277.5  17.8     1   197    27   231    27   232 0.97 -
GH45_1.hmm           -            201 APA05802.1           -            328   1.7e-83  275.7  17.4   1   1     1e-85     3e-83  274.9  17.4     1   201    27   231    27   231 0.96 -
CBM1.hmm             -             29 APA05802.1           -            328   2.9e-13   45.4  10.0   1   3      0.78   2.3e+02   -2.3   1.5     9    22    67    84    66    90 0.57 -
CBM1.hmm             -             29 APA05802.1           -            328   2.9e-13   45.4  10.0   2   3       2.1   6.1e+02   -3.6   0.0    22    27   231   236   228   236 0.75 -
CBM1.hmm             -             29 APA05802.1           -            328   2.9e-13   45.4  10.0   3   3     1e-15   2.9e-13   45.4  10.0     1    29   296   324   296   324 0.98 -
GH45_1.hmm           -            201 ADU33246.1           -            235   5.9e-81  267.4  13.9   1   1   1.6e-83   6.8e-81  267.2  13.9     2   201    33   233    32   233 0.95 -
GH45.hmm             -            198 ADU33246.1           -            235   1.3e-80  266.4  14.0   1   1   3.3e-83   1.5e-80  266.2  14.0     2   197    33   233    32   234 0.97 -
GH45.hmm             -            198 ADU33247.1           -            232   8.3e-83  273.5  18.4   1   1   2.2e-85   9.6e-83  273.3  18.4     1   197    32   231    32   232 0.98 -
GH45_1.hmm           -            201 ADU33247.1           -            232   5.2e-82  270.9  17.6   1   1   1.4e-84   6.1e-82  270.7  17.6     1   201    32   231    32   231 0.97 -
GH45.hmm             -            198 BAG69187.1           -            316   3.2e-87  287.9  13.2   1   2   1.1e-89   3.2e-87  287.9  13.2     1   197    24   219    24   220 0.99 -
GH45.hmm             -            198 BAG69187.1           -            316   3.2e-87  287.9  13.2   2   2         3   8.8e+02   -5.7   7.2    55    72   266   283   234   314 0.40 -
GH45_1.hmm           -            201 BAG69187.1           -            316     1e-83  276.5  12.9   1   2   3.4e-86     1e-83  276.5  12.9     1   201    24   219    24   219 0.97 -
GH45_1.hmm           -            201 BAG69187.1           -            316     1e-83  276.5  12.9   2   2         3   8.8e+02   -4.7   5.1    31    58   260   308   237   314 0.36 -
CBM1.hmm             -             29 BAG69187.1           -            316   2.7e-15   51.9  11.1   1   1   4.8e-17   1.4e-14   49.6  11.1     2    29   285   312   284   312 0.98 -
GH45.hmm             -            198 ABU49185.2           -            340   3.1e-94  310.8  16.3   1   2       2.7   7.9e+02   -3.9   1.7    28    33    52    57    29   100 0.53 -
GH45.hmm             -            198 ABU49185.2           -            340   3.1e-94  310.8  16.3   2   2   1.1e-96   3.1e-94  310.8  16.3     1   197   138   336   138   337 0.99 -
GH45_1.hmm           -            201 ABU49185.2           -            340   4.8e-92  303.6  16.0   1   2      0.55   1.6e+02   -1.7   0.4    41    57    48    62    10   109 0.64 -
GH45_1.hmm           -            201 ABU49185.2           -            340   4.8e-92  303.6  16.0   2   2   1.6e-94   4.8e-92  303.6  16.0     1   201   138   336   138   336 0.98 -
CBM1.hmm             -             29 ABU49185.2           -            340     7e-13   44.1  12.3   1   2   2.4e-15     7e-13   44.1  12.3     2    29    40    67    39    67 0.98 -
CBM1.hmm             -             29 ABU49185.2           -            340     7e-13   44.1  12.3   2   2      0.82   2.4e+02   -2.3   0.2     8    23   186   191   184   196 0.57 -
GH45.hmm             -            198 AGY80100.1           -            229   6.6e-92  303.2  13.2   1   1   1.7e-94   7.6e-92  303.0  13.2     1   197     7   207     7   208 0.99 -
GH45_1.hmm           -            201 AGY80100.1           -            229   3.6e-89  294.3  13.3   1   1   9.3e-92   4.1e-89  294.1  13.3     1   201     7   207     7   207 0.97 -
GH45.hmm             -            198 AEO54078.1           -            225   1.2e-92  305.6  13.8   1   1   3.2e-95   1.4e-92  305.4  13.8     1   197    24   223    24   224 0.99 -
GH45_1.hmm           -            201 AEO54078.1           -            225   2.2e-90  298.2  13.4   1   1   5.8e-93   2.5e-90  298.0  13.4     1   201    24   223    24   223 0.97 -
GH45.hmm             -            198 AEO64667.1           -            299   4.1e-88  290.8  15.6   1   2   1.4e-90   4.1e-88  290.8  15.6     1   198    26   222    26   222 0.98 -
GH45.hmm             -            198 AEO64667.1           -            299   4.1e-88  290.8  15.6   2   2         3   8.8e+02   -5.6   6.2   120   157   257   291   237   298 0.60 -
GH45_1.hmm           -            201 AEO64667.1           -            299   7.1e-84  277.0  15.1   1   2   2.4e-86   7.1e-84  277.0  15.1     1   201    26   221    26   221 0.97 -
GH45_1.hmm           -            201 AEO64667.1           -            299   7.1e-84  277.0  15.1   2   2         3   8.8e+02   -4.9   3.8   124   160   257   290   239   298 0.52 -
CBM1.hmm             -             29 AEO64667.1           -            299   5.4e-15   50.9   9.7   1   2       0.9   2.6e+02   -2.5   0.1    18    28    74    84    72    84 0.64 -
CBM1.hmm             -             29 AEO64667.1           -            299   5.4e-15   50.9   9.7   2   2   1.8e-17   5.4e-15   50.9   9.7     1    29   267   295   267   295 0.98 -
GH45.hmm             -            198 APQ40634.1           -            249   1.2e-90  299.1  16.7   1   1   3.1e-93   1.4e-90  298.9  16.7     1   197    27   227    27   228 0.99 -
GH45_1.hmm           -            201 APQ40634.1           -            249   3.2e-89  294.4  15.4   1   1   8.4e-92   3.7e-89  294.2  15.4     1   201    27   227    27   227 0.97 -
GH45_2.hmm           -             97 CAA83846.1           -            242     4e-48  157.6  17.9   1   2   1.8e-50     4e-48  157.6  17.9     1    96    20   116    20   117 0.98 -
GH45_2.hmm           -             97 CAA83846.1           -            242     4e-48  157.6  17.9   2   2      0.69   1.5e+02   -1.3   1.0    40    70   208   226   184   236 0.63 -
GH45.hmm             -            198 CAA83846.1           -            242   5.1e-18   62.0  18.2   1   3   6.2e-11   1.4e-08   31.3   9.7     1   113    20   115    20   117 0.87 -
GH45.hmm             -            198 CAA83846.1           -            242   5.1e-18   62.0  18.2   2   3   1.5e-10   3.2e-08   30.0   0.1   151   197   115   166   111   168 0.93 -
GH45.hmm             -            198 CAA83846.1           -            242   5.1e-18   62.0  18.2   3   3         4   8.7e+02   -4.0   0.3    15    32   217   233   208   239 0.51 -
CBM1.hmm             -             29 CAA83846.1           -            242   1.2e-13   46.6  12.8   1   2         4   8.8e+02   -6.2   3.2    11    13    70    72    66    78 0.47 -
CBM1.hmm             -             29 CAA83846.1           -            242   1.2e-13   46.6  12.8   2   2   5.7e-16   1.2e-13   46.6  12.8     2    29   210   237   209   237 0.98 -
GH45_3.hmm           -             80 CAA83846.1           -            242   9.1e-11   37.7  20.9   1   2   5.2e-13   1.1e-10   37.4  15.9    13    79    46   115    21   116 0.85 -
GH45_3.hmm           -             80 CAA83846.1           -            242   9.1e-11   37.7  20.9   2   2      0.12        26    1.0   0.2    31    58   154   180   146   186 0.81 -
GH45_2.hmm           -             97 AAQ21385.1           -            247   4.2e-48  157.6  17.9   1   2   1.9e-50   4.2e-48  157.6  17.9     1    96    20   116    20   117 0.98 -
GH45_2.hmm           -             97 AAQ21385.1           -            247   4.2e-48  157.6  17.9   2   2      0.65   1.4e+02   -1.2   0.9    41    70   209   226   184   237 0.64 -
GH45.hmm             -            198 AAQ21385.1           -            247   1.4e-17   60.6  19.6   1   3   6.5e-11   1.4e-08   31.2   9.7     1   113    20   115    20   117 0.87 -
GH45.hmm             -            198 AAQ21385.1           -            247   1.4e-17   60.6  19.6   2   3   1.5e-10   3.4e-08   30.0   0.1   151   197   115   166   111   168 0.93 -
GH45.hmm             -            198 AAQ21385.1           -            247   1.4e-17   60.6  19.6   3   3       3.9   8.6e+02   -4.0   0.6    17    33   219   234   208   240 0.47 -
CBM1.hmm             -             29 AAQ21385.1           -            247   1.3e-13   46.5  12.8   1   2         4   8.8e+02   -6.2   3.2    11    13    70    72    66    78 0.47 -
CBM1.hmm             -             29 AAQ21385.1           -            247   1.3e-13   46.5  12.8   2   2   5.8e-16   1.3e-13   46.5  12.8     2    29   210   237   209   237 0.98 -
GH45_3.hmm           -             80 AAQ21385.1           -            247     1e-10   37.5  20.9   1   2   5.7e-13   1.2e-10   37.3  16.0    13    79    46   115    21   116 0.85 -
GH45_3.hmm           -             80 AAQ21385.1           -            247     1e-10   37.5  20.9   2   2      0.12        27    0.9   0.2    31    58   154   180   146   186 0.81 -
#
# Program:         hmmscan
# Version:         3.4 (Aug 2023)
# Pipeline mode:   SCAN
# Query file:      GH45.faa
# Target file:     /home/ubuntu/storage/thesis/data/dbcan/dbCAN.hmm
# Option settings: /tmp/tmp0c4vt4fc_hmmscan --domtblout GH45_dom.tbl --cpu 8 /home/ubuntu/storage/thesis/data/dbcan/dbCAN.hmm GH45.faa 
# Current dir:     /home/ubuntu/storage/thesis/GH_families/preparing_hmmer_profiles
# Date:            Sat Apr 18 11:00:29 2026
# [ok]
