#                                                                            --- full sequence --- -------------- this domain -------------   hmm coord   ali coord   env coord
# target name        accession   tlen query name           accession   qlen   E-value  score  bias   #  of  c-Evalue  i-Evalue  score  bias  from    to  from    to  from    to  acc description of target
#------------------- ---------- ----- -------------------- ---------- ----- --------- ------ ----- --- --- --------- --------- ------ ----- ----- ----- ----- ----- ----- ----- ---- ---------------------
GH6.hmm              -            294 AAC36898.1           -            872     4e-93  308.0   0.0   1   1   3.4e-95   7.5e-93  307.1   0.0     7   291    65   417    60   422 0.95 -
GH119.hmm            -           1070 AAC36898.1           -            872   5.7e-84  278.1  98.1   1   4       2.6   5.6e+02   -6.6   3.9  1004  1064    16    76     9    81 0.66 -
GH119.hmm            -           1070 AAC36898.1           -            872   5.7e-84  278.1  98.1   2   4   9.1e-37     2e-34  114.1  20.8   788   902   455   569   436   572 0.91 -
GH119.hmm            -           1070 AAC36898.1           -            872   5.7e-84  278.1  98.1   3   4     3e-31   6.6e-29   95.8  25.5   809   903   571   668   568   670 0.94 -
GH119.hmm            -           1070 AAC36898.1           -            872   5.7e-84  278.1  98.1   4   4   2.9e-30   6.3e-28   92.6  25.2   808   911   668   776   666   785 0.90 -
CBM2.hmm             -            101 AAC36898.1           -            872   8.6e-35  115.1  16.3   1   5       1.2   2.5e+02   -2.0   0.1    57    73    51    67    25    86 0.73 -
CBM2.hmm             -            101 AAC36898.1           -            872   8.6e-35  115.1  16.3   2   5     0.062        13    2.1   8.6    16    88   528   601   516   612 0.77 -
CBM2.hmm             -            101 AAC36898.1           -            872   8.6e-35  115.1  16.3   3   5       1.3   2.9e+02   -2.2  10.3    17    88   627   699   616   711 0.74 -
CBM2.hmm             -            101 AAC36898.1           -            872   8.6e-35  115.1  16.3   4   5       1.1   2.4e+02   -1.9   5.7    24    86   688   748   672   763 0.65 -
CBM2.hmm             -            101 AAC36898.1           -            872   8.6e-35  115.1  16.3   5   5   3.9e-37   8.6e-35  115.1  16.3     1   101   770   869   770   869 0.99 -
CBM37.hmm            -             62 AAC36898.1           -            872   4.8e-16   54.4  24.1   1   3   3.6e-06   0.00079   15.3   3.0     7    61   496   549   491   550 0.77 -
CBM37.hmm            -             62 AAC36898.1           -            872   4.8e-16   54.4  24.1   2   3   7.4e-10   1.6e-07   27.1   2.7     5    61   589   647   585   648 0.85 -
CBM37.hmm            -             62 AAC36898.1           -            872   4.8e-16   54.4  24.1   3   3   1.9e-08   4.2e-06   22.6   3.0     4    61   686   745   684   746 0.88 -
GH6.hmm              -            294 AEE47298.1           -            449   2.2e-76  253.0   1.5   1   1   7.1e-79   3.1e-76  252.5   1.5    11   289   185   427   177   435 0.95 -
CBM2.hmm             -            101 AEE47298.1           -            449   7.6e-35  115.2  10.5   1   3   1.7e-37   7.6e-35  115.2  10.5     1   101    35   134    35   134 0.99 -
CBM2.hmm             -            101 AEE47298.1           -            449   7.6e-35  115.2  10.5   2   3      0.47     2e+02   -1.7   0.1    45    74   205   234   200   239 0.72 -
CBM2.hmm             -            101 AEE47298.1           -            449   7.6e-35  115.2  10.5   3   3      0.56   2.4e+02   -1.9   0.1    51    72   346   367   332   388 0.68 -
GH6.hmm              -            294 ALK04194.1           -            535   4.6e-84  278.2   0.6   1   1   1.5e-86   6.6e-84  277.7   0.6    13   289    68   387    59   393 0.95 -
CBM2.hmm             -            101 ALK04194.1           -            535   2.2e-24   81.7   0.2   1   1   9.2e-27     4e-24   80.8   0.2     1   101   429   532   429   532 0.93 -
GH6.hmm              -            294 ACE85978.1           -            698   3.1e-87  288.6   0.1   1   1   1.6e-89   4.7e-87  288.0   0.1    15   287   301   638   296   644 0.96 -
CBM2.hmm             -            101 ACE85978.1           -            698     2e-26   88.2  11.1   1   5     7e-29     2e-26   88.2  11.1     2    91    29   117    28   124 0.91 -
CBM2.hmm             -            101 ACE85978.1           -            698     2e-26   88.2  11.1   2   5      0.23        67   -0.1   2.0    44    82   146   184   126   202 0.66 -
CBM2.hmm             -            101 ACE85978.1           -            698     2e-26   88.2  11.1   3   5      0.73   2.1e+02   -1.8   2.5    66    87   229   250   206   282 0.48 -
CBM2.hmm             -            101 ACE85978.1           -            698     2e-26   88.2  11.1   4   5       2.2   6.5e+02   -3.3   0.1    45    63   296   314   294   323 0.66 -
CBM2.hmm             -            101 ACE85978.1           -            698     2e-26   88.2  11.1   5   5         2   5.8e+02   -3.1   0.2    42    85   524   567   521   583 0.62 -
CBM10.hmm            -             28 ACE85978.1           -            698   2.1e-16   55.6   9.9   1   2   7.2e-19   2.1e-16   55.6   9.9     1    28   165   192   165   192 0.99 -
CBM10.hmm            -             28 ACE85978.1           -            698   2.1e-16   55.6   9.9   2   2       1.4   4.1e+02   -2.9   0.7    17    20   569   572   566   575 0.81 -
GH6.hmm              -            294 CAA16243.1           -            380   7.5e-87  287.4   0.1   1   1   1.1e-89     1e-86  287.0   0.1     8   290   103   358    98   364 0.95 -
GH6.hmm              -            294 BAJ21449.1           -            454     5e-69  228.9   2.8   1   1   1.6e-71     7e-69  228.4   2.8     6   290   188   434   184   440 0.94 -
CBM2.hmm             -            101 BAJ21449.1           -            454   2.5e-32  107.2  11.5   1   2   5.7e-35   2.5e-32  107.2  11.5     1   101    34   134    34   134 0.99 -
CBM2.hmm             -            101 BAJ21449.1           -            454   2.5e-32  107.2  11.5   2   2      0.21        91   -0.6   0.6    43    78   211   246   188   253 0.71 -
GH6.hmm              -            294 ABD81532.1           -            791     5e-84  278.1   0.0   1   1   2.1e-86   9.1e-84  277.2   0.0    15   289   396   731   391   737 0.97 -
CBM2.hmm             -            101 ABD81532.1           -            791   6.8e-48  157.1  28.2   1   4   1.5e-31   6.4e-29   96.2  10.6     2    94    47   138    46   145 0.93 -
CBM2.hmm             -            101 ABD81532.1           -            791   6.8e-48  157.1  28.2   2   4      0.93   4.1e+02   -2.7   2.0    56    72   162   178   142   196 0.38 -
CBM2.hmm             -            101 ABD81532.1           -            791   6.8e-48  157.1  28.2   3   4   3.7e-25   1.6e-22   75.7   9.5     3    97   194   285   192   291 0.91 -
CBM2.hmm             -            101 ABD81532.1           -            791   6.8e-48  157.1  28.2   4   4         2   8.8e+02  -15.7  19.6    52    61   326   335   281   379 0.40 -
GH6.hmm              -            294 CAA78145.1           -            321   2.8e-76  252.7   2.0   1   1   3.9e-79   3.4e-76  252.4   2.0     5   289    43   299    39   306 0.95 -
GH6.hmm              -            294 BAB83928.1           -            453   3.4e-98  324.6   1.0   1   1  5.2e-101   4.6e-98  324.2   1.0    18   289    59   395    42   403 0.96 -
GH5_2.hmm            -            237 ABS72374.1           -           1010   1.3e-95  315.2   2.4   1   1   8.5e-97   2.3e-95  314.3   2.4     3   237    46   289    44   289 0.97 -
GH6.hmm              -            294 ABS72374.1           -           1010   4.8e-85  281.4   0.0   1   1   3.9e-86   1.1e-84  280.3   0.0    15   289   617   950   607   957 0.97 -
GH5.hmm              -            275 ABS72374.1           -           1010   8.4e-43  142.6   8.3   1   1   8.5e-44   2.3e-42  141.2   8.3    11   236    50   297    41   304 0.79 -
GH5_8.hmm            -            255 ABS72374.1           -           1010   1.5e-18   62.9   1.8   1   1   1.2e-19   3.2e-18   61.8   1.8    53   246   109   293    67   300 0.84 -
GH5_26.hmm           -            278 ABS72374.1           -           1010     1e-16   56.6   4.2   1   1   7.1e-18     2e-16   55.7   4.2    62   270   111   294    63   301 0.80 -
GH5_25.hmm           -            279 ABS72374.1           -           1010   1.4e-16   56.1   0.7   1   2   1.5e-17     4e-16   54.6   0.6    60   186   111   231   106   278 0.89 -
GH5_25.hmm           -            279 ABS72374.1           -           1010   1.4e-16   56.1   0.7   2   2         2        55   -1.6   0.0   230   275   245   291   238   294 0.75 -
GH5_39.hmm           -            312 ABS72374.1           -           1010   4.9e-14   48.1   0.1   1   1   3.4e-15   9.3e-14   47.2   0.1    54   188   107   231    69   234 0.83 -
GH5_5.hmm            -            282 ABS72374.1           -           1010   7.1e-14   47.4   3.1   1   1     9e-15   2.5e-13   45.6   3.1    62   232   108   284    68   295 0.71 -
CBM10.hmm            -             28 ABS72374.1           -           1010   1.6e-12   43.2  15.2   1   3       9.6   2.6e+02   -2.3   1.0    16    22    60    66    55    66 0.84 -
CBM10.hmm            -             28 ABS72374.1           -           1010   1.6e-12   43.2  15.2   2   3       8.2   2.3e+02   -2.1   0.3     3    10   415   422   414   422 0.91 -
CBM10.hmm            -             28 ABS72374.1           -           1010   1.6e-12   43.2  15.2   3   3   5.7e-14   1.6e-12   43.2  15.2     2    28   495   521   494   521 0.98 -
GH5_46.hmm           -            262 ABS72374.1           -           1010   1.6e-12   43.1   3.1   1   1   3.8e-12     1e-10   37.2   3.1   103   254   136   292    57   298 0.85 -
GH5_4.hmm            -            276 ABS72374.1           -           1010   2.9e-12   42.6   2.2   1   1   5.2e-13   1.4e-11   40.3   2.0    49   273   111   291    85   294 0.77 -
GH5_37.hmm           -            308 ABS72374.1           -           1010   7.4e-11   37.6   0.5   1   2   8.6e-11   2.3e-09   32.7   0.1    50   188   107   231    79   237 0.77 -
GH5_37.hmm           -            308 ABS72374.1           -           1010   7.4e-11   37.6   0.5   2   2      0.27       7.3    1.5   0.0   254   303   242   292   235   295 0.83 -
GH5_47.hmm           -            271 ABS72374.1           -           1010   3.4e-10   35.6   2.6   1   2     0.092       2.5    3.2   0.2    57    74   118   135   113   144 0.85 -
GH5_47.hmm           -            271 ABS72374.1           -           1010   3.4e-10   35.6   2.6   2   2   1.2e-10   3.3e-09   32.3   0.3    97   193   139   238   134   278 0.80 -
GH5_1.hmm            -            315 ABS72374.1           -           1010   5.7e-10   35.0   3.3   1   1   1.2e-10   3.2e-09   32.5   3.3    85   308   115   294   102   298 0.84 -
GH5_40.hmm           -            290 ABS72374.1           -           1010   1.1e-09   33.4   3.3   1   1   1.6e-09   4.2e-08   28.2   3.2    42   286    79   293    60   296 0.79 -
GH5_22.hmm           -            288 ABS72374.1           -           1010   1.8e-09   33.5   2.3   1   2      0.55        15    0.9   0.1    64    85   114   135   101   139 0.83 -
GH5_22.hmm           -            288 ABS72374.1           -           1010   1.8e-09   33.5   2.3   2   2   3.1e-10   8.4e-09   31.3   1.0   106   198   136   232   130   292 0.87 -
GH5_52.hmm           -            294 ABS72374.1           -           1010   8.4e-09   30.7   0.1   1   1   5.5e-10   1.5e-08   29.9   0.1    90   181   138   231   102   246 0.85 -
GH5_27.hmm           -            348 ABS72374.1           -           1010     1e-08   30.5   0.7   1   2     0.015      0.41    5.5   0.0    32    93    67   133    53   139 0.81 -
GH5_27.hmm           -            348 ABS72374.1           -           1010     1e-08   30.5   0.7   2   2   1.8e-07   4.8e-06   21.7   0.3   177   340   145   291   135   297 0.82 -
GH5_54.hmm           -            263 ABS72374.1           -           1010   1.8e-08   30.0   3.9   1   1   3.5e-08   9.6e-07   24.3   3.9    94   248   136   290    92   298 0.75 -
GH5_38.hmm           -            310 ABS72374.1           -           1010   3.1e-08   28.9   1.8   1   2   4.5e-06   0.00012   17.0   0.5   105   193   144   231   100   234 0.68 -
GH5_38.hmm           -            310 ABS72374.1           -           1010   3.1e-08   28.9   1.8   2   2    0.0022     0.061    8.2   0.0   254   306   238   291   231   295 0.88 -
CBM5.hmm             -             40 ABS72374.1           -           1010   1.5e-07   27.0   6.8   1   1   5.4e-09   1.5e-07   27.0   6.8     4    40   391   428   388   428 0.87 -
GH5_34.hmm           -            242 ABS72374.1           -           1010   3.2e-07   25.8   6.6   1   1   1.4e-07   3.9e-06   22.3   6.6    30   239    94   288    62   291 0.74 -
GH5_21.hmm           -            292 ABS72374.1           -           1010   4.2e-06   21.8   1.2   1   1     3e-07   8.2e-06   20.9   1.2   148   243   160   249   116   292 0.84 -
GH5_13.hmm           -            269 ABS72374.1           -           1010    0.0005   14.9   0.1   1   1     3e-05   0.00081   14.2   0.1   133   261   161   291   132   296 0.80 -
GH5_29.hmm           -            342 ABS72374.1           -           1010   0.00071   14.7   3.0   1   2    0.0023     0.064    8.2   0.3    69    96   108   135    96   160 0.83 -
GH5_29.hmm           -            342 ABS72374.1           -           1010   0.00071   14.7   3.0   2   2    0.0084      0.23    6.4   0.2   186   313   163   269   142   294 0.72 -
GH13_12.hmm          -            313 ABS72374.1           -           1010   0.00082   14.5   0.1   1   1   5.3e-05    0.0014   13.7   0.1    54   127    95   164    91   175 0.80 -
GH5_15.hmm           -            300 ABS72374.1           -           1010    0.0018   13.2   0.5   1   2   0.00015     0.004   12.0   0.2    28   109    81   164    60   194 0.75 -
GH5_15.hmm           -            300 ABS72374.1           -           1010    0.0018   13.2   0.5   2   2       8.2   2.2e+02   -3.6   0.0   216   248   231   263   213   283 0.68 -
GH5_48.hmm           -            322 ABS72374.1           -           1010    0.0019   13.0   0.1   1   2      0.34       9.3    0.9   0.0   100   133   137   169   130   173 0.87 -
GH5_48.hmm           -            322 ABS72374.1           -           1010    0.0019   13.0   0.1   2   2   0.00095     0.026    9.3   0.0   167   219   181   233   172   247 0.78 -
GH5_24.hmm           -            314 ABS72374.1           -           1010    0.0024   12.8   0.6   1   2       6.3   1.7e+02   -3.1   0.0    86   108   116   138   114   153 0.86 -
GH5_24.hmm           -            314 ABS72374.1           -           1010    0.0024   12.8   0.6   2   2   0.00035    0.0095   10.9   0.2   171   233   172   233   138   296 0.78 -
GH5_19.hmm           -            269 ABS72374.1           -           1010    0.0037   12.5   0.0   1   2       2.7        73   -1.6   0.0    45    79   101   136    86   141 0.82 -
GH5_19.hmm           -            269 ABS72374.1           -           1010    0.0037   12.5   0.0   2   2   0.00041     0.011   10.9   0.0   108   198   147   238   131   262 0.73 -
GH5_36.hmm           -            288 ABS72374.1           -           1010    0.0038   12.1   0.1   1   1   0.00026    0.0072   11.2   0.1   109   206   147   242    67   288 0.83 -
GH13_45.hmm          -            292 ABS72374.1           -           1010    0.0047   12.1   0.0   1   1    0.0003    0.0081   11.3   0.0    34    80    93   138    83   144 0.89 -
GH6.hmm              -            294 AAA62211.1           -            596   1.1e-94  313.0   0.1   1   1     4e-97   1.7e-94  312.4   0.1    15   291   196   542   190   547 0.97 -
CBM2.hmm             -            101 AAA62211.1           -            596   2.6e-36  120.0  10.1   1   1   1.7e-38   7.6e-36  118.5  10.1     1   101    41   139    41   139 0.99 -
GH6.hmm              -            294 AAC06388.1           -            441   9.5e-81  267.3   0.6   1   1   2.9e-83   1.3e-80  266.9   0.6     5   289    42   300    38   305 0.96 -
CBM2.hmm             -            101 AAC06388.1           -            441   1.8e-29   98.0  17.5   1   2      0.41   1.8e+02   -1.5   0.7    40    69   204   234   190   241 0.69 -
CBM2.hmm             -            101 AAC06388.1           -            441   1.8e-29   98.0  17.5   2   2     4e-32   1.8e-29   98.0  17.5     1    96   346   439   346   441 0.96 -
GH6.hmm              -            294 AHN09982.1           -            443   3.8e-80  265.3   1.8   1   1   1.2e-82   5.2e-80  264.9   1.8     6   289    43   300    38   305 0.96 -
CBM2.hmm             -            101 AHN09982.1           -            443   1.6e-29   98.1  16.1   1   3      0.45     2e+02   -1.6   0.1    52    91   156   196   153   206 0.65 -
CBM2.hmm             -            101 AHN09982.1           -            443   1.6e-29   98.1  16.1   2   3      0.11        48    0.3   1.2    40    77   204   243   191   261 0.70 -
CBM2.hmm             -            101 AHN09982.1           -            443   1.6e-29   98.1  16.1   3   3   3.7e-32   1.6e-29   98.1  16.1     1    97   348   442   348   443 0.96 -
GH6.hmm              -            294 AAD54679.1           -            473   4.4e-92  304.6   1.9   1   1   7.4e-95   6.5e-92  304.0   1.9     3   289    46   393    44   398 0.97 -
GH6.hmm              -            294 AAA50607.1           -            438    3e-100  331.3   0.9   1   1  9.8e-103  4.3e-100  330.8   0.9     8   290   108   398   103   404 0.96 -
CBM1.hmm             -             29 AAA50607.1           -            438   1.6e-16   55.8  10.7   1   2   3.6e-19   1.6e-16   55.8  10.7     2    29    25    52    24    52 0.99 -
CBM1.hmm             -             29 AAA50607.1           -            438   1.6e-16   55.8  10.7   2   2      0.49   2.2e+02   -2.2   0.2     7    14    89    96    88    98 0.84 -
GH6.hmm              -            294 EAL86473.1           -            454   2.3e-97  321.9   0.4   1   1  7.3e-100   3.2e-97  321.4   0.4    17   290   125   414   112   420 0.94 -
CBM1.hmm             -             29 EAL86473.1           -            454   1.8e-13   46.0   9.7   1   2   4.1e-16   1.8e-13   46.0   9.7     2    29    24    51    23    51 0.99 -
CBM1.hmm             -             29 EAL86473.1           -            454   1.8e-13   46.0   9.7   2   2         2   8.8e+02   -4.6   1.4    24    29   106   111   106   111 0.83 -
GH6.hmm              -            294 ABF50873.1           -            455   1.5e-95  315.9   0.7   1   1   5.9e-98   2.6e-95  315.2   0.7    16   290   125   416   110   421 0.94 -
CBM1.hmm             -             29 ABF50873.1           -            455   1.3e-12   43.3   9.7   1   2   2.9e-15   1.3e-12   43.3   9.7     2    29    24    51    23    51 0.98 -
CBM1.hmm             -             29 ABF50873.1           -            455   1.3e-12   43.3   9.7   2   2      0.62   2.7e+02   -2.5   0.8    24    29   104   109   103   109 0.91 -
GH6.hmm              -            294 EAU38839.1           -            403   5.7e-95  314.0   0.6   1   1   9.2e-98   8.1e-95  313.5   0.6    15   290    70   362    59   367 0.94 -
GH6.hmm              -            294 AAM76664.1           -            389   5.1e-94  310.9   0.3   1   1   7.7e-97   6.8e-94  310.5   0.3    16   290    59   349    47   354 0.96 -
GH6.hmm              -            294 AAQ38151.1           -            395   2.4e-91  302.1   0.7   1   1   7.8e-94   3.4e-91  301.6   0.7     8   290    63   356    58   361 0.95 -
GH71.hmm             -            375 AAQ38151.1           -            395    0.0013   13.3   0.1   1   1     4e-06    0.0018   12.8   0.1   139   181   241   283   138   290 0.82 -
GH6.hmm              -            294 EFQ33589.1           -            389     2e-83  276.1   2.2   1   1     3e-86   2.6e-83  275.7   2.2    12   290    54   350    46   355 0.93 -
GH6.hmm              -            294 EFQ25807.1           -            477   3.5e-94  311.4   0.7   1   1   1.2e-96   5.1e-94  310.9   0.7    14   290   147   438   137   442 0.96 -
CBM1.hmm             -             29 EFQ25807.1           -            477   3.2e-13   45.3  13.1   1   2   7.2e-16   3.2e-13   45.3  13.1     1    29    30    58    30    58 0.98 -
CBM1.hmm             -             29 EFQ25807.1           -            477   3.2e-13   45.3  13.1   2   2       0.6   2.6e+02   -2.5   0.6     6    13   116   123   116   123 0.90 -
GH6.hmm              -            294 BAH08702.1           -            454   7.4e-93  307.1   0.3   1   1   2.4e-95     1e-92  306.6   0.3    10   291   120   415   113   420 0.95 -
CBM1.hmm             -             29 BAH08702.1           -            454   4.9e-14   47.8   6.9   1   1   2.5e-16   1.1e-13   46.7   6.9     2    29    26    53    25    53 0.98 -
GH6.hmm              -            294 BAH08703.1           -            400     4e-85  281.7   1.5   1   1   1.8e-87   5.2e-85  281.3   1.5     7   292    51   359    45   362 0.94 -
GH5_39.hmm           -            312 BAH08703.1           -            400     0.002   13.2   0.0   1   1   1.3e-05    0.0037   12.3   0.0    61   128    92   168    73   180 0.86 -
GH39.hmm             -            431 BAH08703.1           -            400     0.003   12.3   0.1   1   2      0.12        34   -1.1   0.0   364   394   103   131    52   151 0.69 -
GH39.hmm             -            431 BAH08703.1           -            400     0.003   12.3   0.1   2   2   3.6e-05     0.011   10.5   0.0   159   197   221   258   212   293 0.79 -
GH6.hmm              -            294 BAH08704.1           -            403   8.8e-86  283.9   1.4   1   1   1.3e-88   1.1e-85  283.5   1.4     9   289    55   357    47   363 0.93 -
GH6.hmm              -            294 ALT57232.1           -            450   1.3e-95  316.1   5.7   1   1   4.1e-98   1.8e-95  315.7   5.7     8   290   114   410   109   416 0.96 -
CBM1.hmm             -             29 ALT57232.1           -            450   5.9e-16   54.0   8.4   1   1   3.6e-18   1.6e-15   52.6   8.4     2    29    25    52    24    52 0.99 -
GH6.hmm              -            294 BAB39154.1           -            476   1.8e-92  305.8   0.3   1   1     6e-95   2.6e-92  305.3   0.3    12   290   141   437   132   442 0.93 -
CBM1.hmm             -             29 BAB39154.1           -            476     2e-16   55.5  13.6   1   1   1.3e-18   5.5e-16   54.1  13.6     2    29    30    57    29    57 0.99 -
GH6.hmm              -            294 BAG48183.1           -            452   3.5e-98  324.6   2.4   1   1  1.1e-100   4.8e-98  324.1   2.4     8   290   116   412   111   418 0.96 -
CBM1.hmm             -             29 BAG48183.1           -            452   1.7e-15   52.5   7.3   1   1   9.6e-18   4.2e-15   51.3   7.3     2    29    25    52    24    52 0.99 -
GH6.hmm              -            294 AAK28357.1           -            443   4.8e-94  311.0   0.9   1   1   1.5e-96   6.7e-94  310.5   0.9     9   290   110   403   104   409 0.95 -
CBM1.hmm             -             29 AAK28357.1           -            443   1.4e-15   52.8   6.4   1   1   9.1e-18     4e-15   51.3   6.4     2    29    25    52    24    52 0.98 -
GH6.hmm              -            294 AAL15037.1           -            465   7.3e-90  297.2   0.2   1   1   2.3e-92     1e-89  296.8   0.2    10   289    90   418    83   424 0.94 -
CBM1.hmm             -             29 AAL15037.1           -            465   7.6e-15   50.4   5.3   1   1   5.1e-17   2.2e-14   49.0   5.3     2    29    24    51    23    51 0.98 -
GH6.hmm              -            294 CAH05679.1           -            390   4.1e-91  301.3   0.0   1   1   5.8e-94   5.1e-91  301.1   0.0     9   290    53   351    45   357 0.94 -
GH6.hmm              -            294 ABY52793.1           -            431   9.1e-85  280.5   0.7   1   2         2   8.8e+02  -10.8   7.7   136   136    84    84    65   108 0.49 -
GH6.hmm              -            294 ABY52793.1           -            431   9.1e-85  280.5   0.7   2   2   2.1e-87   9.1e-85  280.5   0.7    14   289   132   392   119   399 0.94 -
CBM1.hmm             -             29 ABY52793.1           -            431   2.8e-14   48.6   7.3   1   1   2.2e-16   9.6e-14   46.9   7.3     2    29    26    53    25    53 0.98 -
GH6.hmm              -            294 AAR08200.1           -            510   4.9e-85  281.4   0.1   1   1   1.8e-87   8.1e-85  280.7   0.1     9   289   206   471   198   478 0.95 -
CBM1.hmm             -             29 AAR08200.1           -            510   9.7e-13   43.7   9.4   1   2   2.2e-15   9.7e-13   43.7   9.4     2    29    26    53    25    53 0.98 -
CBM1.hmm             -             29 AAR08200.1           -            510   9.7e-13   43.7   9.4   2   2         2   8.8e+02   -4.4   0.3    15    20    55    60    55    60 0.73 -
GH6.hmm              -            294 AEX92709.1           -            492   2.1e-88  292.5   0.2   1   1     7e-91     3e-88  291.9   0.2    10   290   150   453   144   458 0.95 -
fungi_doc.hmm        -             36 AEX92709.1           -            492   2.5e-34  113.5  34.7   1   4   1.1e-21   4.9e-19   64.6   6.7     1    36    21    55    21    55 0.99 -
fungi_doc.hmm        -             36 AEX92709.1           -            492   2.5e-34  113.5  34.7   2   4   4.4e-21   1.9e-18   62.6  10.3     1    36    64    99    64    99 0.98 -
fungi_doc.hmm        -             36 AEX92709.1           -            492   2.5e-34  113.5  34.7   3   4       1.3   5.9e+02   -2.9   0.1     9    21   276   287   273   289 0.73 -
fungi_doc.hmm        -             36 AEX92709.1           -            492   2.5e-34  113.5  34.7   4   4      0.79   3.5e+02   -2.2   0.4    31    34   409   412   404   419 0.76 -
GH6.hmm              -            294 AEX92714.1           -            480   1.9e-89  295.9   0.1   1   1   9.8e-92   2.9e-89  295.3   0.1    11   289   139   439   133   445 0.95 -
fungi_doc.hmm        -             36 AEX92714.1           -            480   1.4e-33  111.1  35.6   1   3   1.6e-20   4.8e-18   61.4   8.4     1    36    21    55    21    55 0.98 -
fungi_doc.hmm        -             36 AEX92714.1           -            480   1.4e-33  111.1  35.6   2   3   4.9e-20   1.4e-17   59.9  13.5     1    36    64   100    64   100 0.99 -
fungi_doc.hmm        -             36 AEX92714.1           -            480   1.4e-33  111.1  35.6   3   3       1.5   4.4e+02   -2.5   0.3    31    34   397   400   394   401 0.86 -
CBM10.hmm            -             28 AEX92714.1           -            480    0.0094   11.9  27.0   1   2   5.8e-05     0.017   11.1   6.1     7    27    26    53    20    53 0.86 -
CBM10.hmm            -             28 AEX92714.1           -            480    0.0094   11.9  27.0   2   2     0.003      0.88    5.6  12.9     3    27    65    98    63    98 0.84 -
GH6.hmm              -            294 AEX92715.1           -            491   5.9e-91  300.8   0.1   1   1     3e-93   8.8e-91  300.3   0.1     9   289   148   450   143   456 0.95 -
fungi_doc.hmm        -             36 AEX92715.1           -            491   2.2e-35  116.9  37.5   1   3   9.9e-22   2.9e-19   65.3  11.9     1    36    21    57    21    57 0.98 -
fungi_doc.hmm        -             36 AEX92715.1           -            491   2.2e-35  116.9  37.5   2   3   1.4e-20     4e-18   61.6  11.9     1    36    63    98    63    98 0.99 -
fungi_doc.hmm        -             36 AEX92715.1           -            491   2.2e-35  116.9  37.5   3   3       1.6   4.6e+02   -2.5   0.3    31    34   408   411   405   412 0.86 -
CBM10.hmm            -             28 AEX92715.1           -            491    0.0076   12.2  26.0   1   2   0.00015     0.042    9.8  10.0     4    27    22    55    21    55 0.88 -
CBM10.hmm            -             28 AEX92715.1           -            491    0.0076   12.2  26.0   2   2    0.0013      0.37    6.8   8.1     4    27    64    96    62    96 0.86 -
GH6.hmm              -            294 AEX92716.1           -            483   5.7e-90  297.6   0.0   1   1   2.9e-92   8.4e-90  297.1   0.0    11   289   142   442   136   448 0.96 -
fungi_doc.hmm        -             36 AEX92716.1           -            483   1.3e-33  111.2  35.9   1   3   4.2e-20   1.2e-17   60.1   8.6     1    36    21    56    21    56 0.99 -
fungi_doc.hmm        -             36 AEX92716.1           -            483   1.3e-33  111.2  35.9   2   3     2e-20   5.9e-18   61.1  13.7     1    36    68   104    68   104 0.99 -
fungi_doc.hmm        -             36 AEX92716.1           -            483   1.3e-33  111.2  35.9   3   3       1.5   4.5e+02   -2.5   0.3    31    34   400   403   397   404 0.86 -
CBM10.hmm            -             28 AEX92716.1           -            483   0.00035   16.5  25.9   1   2   6.4e-05     0.019   11.0   5.6     8    27    27    54    21    54 0.90 -
CBM10.hmm            -             28 AEX92716.1           -            483   0.00035   16.5  25.9   2   2   0.00012     0.035   10.1  12.3     4    27    69   102    67   102 0.90 -
GH6.hmm              -            294 AEX92717.1           -            494   4.9e-90  297.8   0.1   1   1   2.5e-92   7.3e-90  297.2   0.1     9   289   151   453   146   459 0.95 -
fungi_doc.hmm        -             36 AEX92717.1           -            494   2.2e-34  113.7  36.4   1   3     6e-21   1.8e-18   62.8  10.3     1    36    21    57    21    57 0.98 -
fungi_doc.hmm        -             36 AEX92717.1           -            494   2.2e-34  113.7  36.4   2   3   2.3e-20   6.8e-18   60.9  12.5     1    36    63    98    63    98 0.99 -
fungi_doc.hmm        -             36 AEX92717.1           -            494   2.2e-34  113.7  36.4   3   3       1.6   4.6e+02   -2.5   0.3    31    34   411   414   408   415 0.86 -
CBM10.hmm            -             28 AEX92717.1           -            494      0.11    8.5  28.1   1   2   0.00022     0.063    9.3  11.6     4    27    22    55    21    55 0.89 -
CBM10.hmm            -             28 AEX92717.1           -            494      0.11    8.5  28.1   2   2     0.012       3.4    3.7   8.6     4    27    64    96    63    96 0.84 -
GH6.hmm              -            294 AAB92678.1           -            459   2.6e-87  288.9   3.0   1   1     9e-90   3.9e-87  288.3   3.0     7   289   147   420   140   427 0.94 -
fungi_doc.hmm        -             36 AAB92678.1           -            459   2.3e-28   94.4  34.6   1   2   3.8e-14   1.6e-11   40.5  12.7     7    36    23    51    20    51 0.94 -
fungi_doc.hmm        -             36 AAB92678.1           -            459   2.3e-28   94.4  34.6   2   2   7.1e-20   3.1e-17   58.8  13.9     4    36    68   101    63   101 0.90 -
GH6.hmm              -            294 AAB92679.1           -            449   4.4e-86  284.8   2.8   1   1   1.5e-88   6.7e-86  284.2   2.8     7   289   146   413   139   418 0.94 -
fungi_doc.hmm        -             36 AAB92679.1           -            449   4.2e-27   90.4  30.4   1   2   2.6e-14   1.1e-11   41.0  11.0     7    36    23    51    20    51 0.94 -
fungi_doc.hmm        -             36 AAB92679.1           -            449   4.2e-27   90.4  30.4   2   2   1.4e-18   6.1e-16   54.6  11.4     1    36    61    95    61    95 0.98 -
GH6.hmm              -            294 AAC09228.1           -            432   2.5e-85  282.4   0.4   1   2         2   8.8e+02  -11.3   8.6   247   253    83    95    68   110 0.43 -
GH6.hmm              -            294 AAC09228.1           -            432   2.5e-85  282.4   0.4   2   2   5.8e-88   2.5e-85  282.4   0.4    13   289   127   393   114   400 0.94 -
CBM1.hmm             -             29 AAC09228.1           -            432   1.3e-12   43.3  12.1   1   1     9e-15   3.9e-12   41.8  12.1     2    29    26    53    25    53 0.98 -
GH6.hmm              -            294 AEH95579.1           -            357   3.3e-88  291.8   0.0   1   1   5.5e-91   4.8e-88  291.3   0.0    10   289    49   318    40   325 0.95 -
GH6.hmm              -            294 ADX86895.1           -            464   2.9e-94  311.7   0.3   1   1     1e-96   4.5e-94  311.1   0.3    13   290   131   424   121   430 0.94 -
CBM1.hmm             -             29 ADX86895.1           -            464   7.2e-13   44.1  10.9   1   2   1.6e-15   7.2e-13   44.1  10.9     2    29    23    50    22    50 0.99 -
CBM1.hmm             -             29 ADX86895.1           -            464   7.2e-13   44.1  10.9   2   2      0.55   2.4e+02   -2.3   1.0    24    29   116   121   115   121 0.89 -
GH6.hmm              -            294 AIO06741.1           -            437   6.3e-78  258.1   0.5   1   2   1.5e-06   0.00064   15.1   0.0    13    55   131   173   121   181 0.84 -
GH6.hmm              -            294 AIO06741.1           -            437   6.3e-78  258.1   0.5   2   2   1.4e-75   6.3e-73  241.7   0.2    87   290   181   397   171   403 0.95 -
CBM1.hmm             -             29 AIO06741.1           -            437   6.7e-13   44.2  10.9   1   2   1.5e-15   6.7e-13   44.2  10.9     2    29    23    50    22    50 0.99 -
CBM1.hmm             -             29 AIO06741.1           -            437   6.7e-13   44.2  10.9   2   2      0.51   2.2e+02   -2.2   1.0    24    29   116   121   115   121 0.89 -
GH6.hmm              -            294 AAB32942.1           -            460   4.7e-96  317.6   4.0   1   1   1.5e-98   6.4e-96  317.1   4.0     8   290   124   420   119   426 0.96 -
CBM1.hmm             -             29 AAB32942.1           -            460   8.5e-17   56.7   9.4   1   1   5.7e-19   2.5e-16   55.2   9.4     2    29    25    52    24    52 0.98 -
GH6.hmm              -            294 ADZ99361.1           -            466   1.5e-92  306.1   4.5   1   1     5e-95   2.2e-92  305.5   4.5    17   290   136   427   124   432 0.93 -
CBM1.hmm             -             29 ADZ99361.1           -            466     2e-13   45.9  14.8   1   1   2.3e-15   9.9e-13   43.7  14.8     2    29    31    58    30    58 0.98 -
GH6.hmm              -            294 ABY52798.1           -            518   2.7e-86  285.6   0.0   1   2         2   8.8e+02  -16.3  17.0    11    39   134   162   103   188 0.53 -
GH6.hmm              -            294 ABY52798.1           -            518   2.7e-86  285.6   0.0   2   2   6.1e-89   2.7e-86  285.6   0.0    13   289   214   479   204   486 0.95 -
CBM1.hmm             -             29 ABY52798.1           -            518   3.6e-13   45.1  10.0   1   1   2.7e-15   1.2e-12   43.4  10.0     2    29    26    53    25    53 0.98 -
GH6.hmm              -            294 AAD51055.1           -            460   2.1e-88  292.5   2.6   1   1   6.4e-91   2.8e-88  292.0   2.6     7   289   149   421   142   428 0.95 -
fungi_doc.hmm        -             36 AAD51055.1           -            460   5.7e-24   80.3  36.1   1   3   9.3e-12   4.1e-09   32.8  10.0     7    36    23    52    18    52 0.90 -
fungi_doc.hmm        -             36 AAD51055.1           -            460   5.7e-24   80.3  36.1   2   3   1.6e-19   6.8e-17   57.7  13.0     1    36    63    97    63    97 0.98 -
fungi_doc.hmm        -             36 AAD51055.1           -            460   5.7e-24   80.3  36.1   3   3         2   8.8e+02   -4.0   0.2    31    34   379   382   377   382 0.77 -
GH6.hmm              -            294 AAL92497.1           -            491   8.7e-91  300.3   0.4   1   1   4.4e-93   1.3e-90  299.7   0.4    12   289   151   450   143   456 0.95 -
fungi_doc.hmm        -             36 AAL92497.1           -            491   6.9e-34  112.1  31.9   1   4   1.3e-20   3.8e-18   61.7   7.8     1    36    21    55    21    55 0.98 -
fungi_doc.hmm        -             36 AAL92497.1           -            491   6.9e-34  112.1  31.9   2   4   4.8e-20   1.4e-17   59.9  10.4     1    36    63    98    63    98 0.99 -
fungi_doc.hmm        -             36 AAL92497.1           -            491   6.9e-34  112.1  31.9   3   4         3   8.8e+02   -3.7   0.0     8    21   274   286   271   287 0.62 -
fungi_doc.hmm        -             36 AAL92497.1           -            491   6.9e-34  112.1  31.9   4   4      0.72   2.1e+02   -1.5   0.0    31    34   408   411   387   412 0.65 -
CBM10.hmm            -             28 AAL92497.1           -            491    0.0026   13.7  23.1   1   2   0.00014     0.042    9.8   4.7     8    27    27    53    22    53 0.86 -
CBM10.hmm            -             28 AAL92497.1           -            491    0.0026   13.7  23.1   2   2   0.00046      0.13    8.2  10.5     4    27    64    96    63    96 0.92 -
GH6.hmm              -            294 AAM94167.1           -            486   1.2e-88  293.3   0.4   1   1     4e-91   1.7e-88  292.7   0.4     9   290   143   447   137   452 0.95 -
fungi_doc.hmm        -             36 AAM94167.1           -            486     2e-35  117.0  34.6   1   4   6.8e-20     3e-17   58.9   9.3     1    36    21    57    21    57 0.97 -
fungi_doc.hmm        -             36 AAM94167.1           -            486     2e-35  117.0  34.6   2   4   8.3e-22   3.6e-19   65.0   9.9     1    36    66   101    66   101 0.98 -
fungi_doc.hmm        -             36 AAM94167.1           -            486     2e-35  117.0  34.6   3   4       1.8     8e+02   -3.3   0.0     8    21   269   281   266   282 0.59 -
fungi_doc.hmm        -             36 AAM94167.1           -            486     2e-35  117.0  34.6   4   4     0.011       4.9    3.8   0.1    16    34   383   406   380   407 0.80 -
GH6.hmm              -            294 CAP60942.1           -            484   1.3e-89  296.5   0.0   1   1     4e-92   1.8e-89  296.0   0.0    16   290   153   445   141   451 0.94 -
CBM1.hmm             -             29 CAP60942.1           -            484   7.6e-15   50.4  16.3   1   1   4.8e-17   2.1e-14   49.0  16.3     2    29    31    58    30    58 0.99 -
GH6.hmm              -            294 CAP60981.1           -            419   7.6e-82  270.9   0.2   1   1   1.1e-84   9.7e-82  270.6   0.2     7   289    84   385    78   394 0.94 -
GH6.hmm              -            294 CAP61669.1           -            398   3.2e-87  288.6   0.1   1   1   5.5e-90   4.8e-87  288.0   0.1    12   289    69   356    60   362 0.96 -
GH6.hmm              -            294 XP_360146.1          -            487   4.3e-91  301.3   0.1   1   1   1.4e-93     6e-91  300.8   0.1    15   289   156   445   145   452 0.95 -
CBM1.hmm             -             29 XP_360146.1          -            487   7.1e-15   50.5  16.8   1   1   4.3e-17   1.9e-14   49.2  16.8     1    29    31    59    31    59 0.98 -
GH6.hmm              -            294 AAL78165.2           -            459   8.5e-97  320.0   0.3   1   1   2.7e-99   1.2e-96  319.6   0.3    15   290   128   419   117   425 0.94 -
CBM1.hmm             -             29 AAL78165.2           -            459   9.6e-14   46.9   8.8   1   2   2.2e-16   9.6e-14   46.9   8.8     1    29    23    51    23    51 0.98 -
CBM1.hmm             -             29 AAL78165.2           -            459   9.6e-14   46.9   8.8   2   2         2   8.8e+02   -4.6   1.4    24    29   111   116   111   116 0.83 -
GH6.hmm              -            294 CAH05678.1           -            458   4.3e-94  311.1   1.2   1   1   1.4e-96     6e-94  310.7   1.2    15   290   129   419   118   424 0.95 -
CBM1.hmm             -             29 CAH05678.1           -            458     7e-14   47.3  15.9   1   2   1.6e-16     7e-14   47.3  15.9     1    29    30    58    30    58 0.98 -
CBM1.hmm             -             29 CAH05678.1           -            458     7e-14   47.3  15.9   2   2      0.57   2.5e+02   -2.4   0.6     6    13    97   104    97   104 0.90 -
GH6.hmm              -            294 ACH91035.1           -            457     1e-94  313.2   1.9   1   1   3.5e-97   1.5e-94  312.6   1.9    14   290   123   417   113   422 0.94 -
CBM1.hmm             -             29 ACH91035.1           -            457   1.1e-13   46.7  11.4   1   2   2.6e-16   1.1e-13   46.7  11.4     2    29    24    51    23    51 0.99 -
CBM1.hmm             -             29 ACH91035.1           -            457   1.1e-13   46.7  11.4   2   2         2   8.8e+02   -4.6   1.4    24    29   107   112   107   112 0.83 -
GH6.hmm              -            294 AAE50824.1           -            457   5.4e-96  317.4   2.8   1   1   1.8e-98   7.9e-96  316.8   2.8    14   290   123   417   113   422 0.94 -
CBM1.hmm             -             29 AAE50824.1           -            457   1.1e-13   46.7  11.4   1   2   2.6e-16   1.1e-13   46.7  11.4     2    29    24    51    23    51 0.99 -
CBM1.hmm             -             29 AAE50824.1           -            457   1.1e-13   46.7  11.4   2   2         2   8.8e+02   -4.6   1.4    24    29   107   112   107   112 0.83 -
GH6.hmm              -            294 AAW64927.1           -            476   4.4e-94  311.1   0.4   1   1   1.4e-96   6.3e-94  310.6   0.4    13   290   142   437   132   442 0.93 -
CBM1.hmm             -             29 AAW64927.1           -            476   4.2e-15   51.3  12.4   1   1   2.2e-17   9.4e-15   50.1  12.4     2    29    31    58    30    58 0.99 -
GH6.hmm              -            294 AEO55787.1           -            482     7e-97  320.3   1.3   1   1   2.4e-99     1e-96  319.7   1.3    14   290   149   443   139   448 0.93 -
CBM1.hmm             -             29 AEO55787.1           -            482   2.2e-14   49.0  15.1   1   2     5e-17   2.2e-14   49.0  15.1     2    29    31    58    30    58 0.99 -
CBM1.hmm             -             29 AEO55787.1           -            482   2.2e-14   49.0  15.1   2   2       1.2   5.1e+02   -3.4   0.5    26    29   135   138   133   138 0.86 -
GH6.hmm              -            294 ABT06036.1           -            481     1e-93  309.9   0.7   1   1   3.3e-96   1.5e-93  309.4   0.7    13   290   147   441   137   447 0.93 -
CBM1.hmm             -             29 ABT06036.1           -            481   6.4e-15   50.7   9.8   1   2   1.5e-17   6.4e-15   50.7   9.8     2    29    31    58    30    58 0.99 -
CBM1.hmm             -             29 ABT06036.1           -            481   6.4e-15   50.7   9.8   2   2       1.2   5.3e+02   -3.4   0.7    26    29   134   137   130   137 0.85 -
GH6.hmm              -            294 AAU05379.2           -            470     6e-92  304.1   0.4   1   1     2e-94   8.5e-92  303.6   0.4    14   290   138   429   128   435 0.95 -
CBM1.hmm             -             29 AAU05379.2           -            470   7.3e-16   53.7  15.4   1   1   5.3e-18   2.3e-15   52.1  15.4     2    29    31    58    30    58 0.99 -
GH6.hmm              -            294 AAA34210.1           -            471   8.3e-93  306.9   0.4   1   1   2.7e-95   1.2e-92  306.4   0.4    14   290   139   430   129   436 0.95 -
CBM1.hmm             -             29 AAA34210.1           -            471   3.4e-16   54.8  15.9   1   1   2.3e-18     1e-15   53.2  15.9     2    29    31    58    30    58 0.99 -
GH6.hmm              -            294 AAQ76094.1           -            471   2.8e-92  305.2   0.3   1   1   9.3e-95   4.1e-92  304.7   0.3    14   290   139   430   129   436 0.95 -
CBM1.hmm             -             29 AAQ76094.1           -            471   3.4e-16   54.8  15.9   1   1   2.3e-18     1e-15   53.2  15.9     2    29    31    58    30    58 0.99 -
GH6.hmm              -            294 AAT64008.1           -            442  1.7e-101  335.4   1.8   1   1  5.2e-104  2.3e-101  335.0   1.8     7   290   105   402   100   408 0.96 -
CBM1.hmm             -             29 AAT64008.1           -            442   2.9e-16   55.0   9.0   1   1   1.9e-18   8.4e-16   53.5   9.0     2    29    25    52    24    52 0.98 -
#
# Program:         hmmscan
# Version:         3.4 (Aug 2023)
# Pipeline mode:   SCAN
# Query file:      GH6.faa
# Target file:     /home/ubuntu/storage/thesis/data/dbcan/dbCAN.hmm
# Option settings: /tmp/tmph4dslkwo_hmmscan --domtblout GH6_dom.tbl --cpu 8 /home/ubuntu/storage/thesis/data/dbcan/dbCAN.hmm GH6.faa 
# Current dir:     /home/ubuntu/storage/thesis/GH_families/preparing_hmmer_profiles
# Date:            Sat Apr 18 11:05:34 2026
# [ok]
