#                                                                            --- full sequence --- -------------- this domain -------------   hmm coord   ali coord   env coord
# target name        accession   tlen query name           accession   qlen   E-value  score  bias   #  of  c-Evalue  i-Evalue  score  bias  from    to  from    to  from    to  acc description of target
#------------------- ---------- ----- -------------------- ---------- ----- --------- ------ ----- --- --- --------- --------- ------ ----- ----- ----- ----- ----- ----- ----- ---- ---------------------
GH7.hmm              -            415 BAC81967.1           -            530    2e-190  628.5  20.5   1   1  8.7e-193  2.5e-190  628.2  20.5     1   414    20   451    20   452 0.99 -
CBM1.hmm             -             29 BAC81967.1           -            530   8.4e-13   43.9  10.7   1   3       1.5   4.4e+02   -3.2   2.4    27    27    73    73    63    88 0.52 -
CBM1.hmm             -             29 BAC81967.1           -            530   8.4e-13   43.9  10.7   2   3      0.64   1.9e+02   -2.0   1.5    11    24   249   261   249   266 0.64 -
CBM1.hmm             -             29 BAC81967.1           -            530   8.4e-13   43.9  10.7   3   3   2.9e-15   8.4e-13   43.9  10.7     2    29   497   524   496   524 0.98 -
GH31_15.hmm          -            426 BAC81967.1           -            530    0.0024   12.2   0.0   1   3   8.2e-06    0.0024   12.2   0.0    63    99    50    86    44    96 0.89 -
GH31_15.hmm          -            426 BAC81967.1           -            530    0.0024   12.2   0.0   2   3       0.4   1.2e+02   -3.2   0.0   227   253   130   157   121   158 0.78 -
GH31_15.hmm          -            426 BAC81967.1           -            530    0.0024   12.2   0.0   3   3      0.72   2.1e+02   -4.1   1.2   205   247   433   477   420   481 0.73 -
GH7.hmm              -            415 EAW16381.1           -            530  5.3e-202  666.7  19.3   1   1  2.3e-204  6.7e-202  666.3  19.3     1   414    28   463    28   464 0.99 -
CBM1.hmm             -             29 EAW16381.1           -            530   2.8e-15   51.8  10.2   1   5      0.26        75   -0.7   1.7    15    26    44    55    42    56 0.87 -
CBM1.hmm             -             29 EAW16381.1           -            530   2.8e-15   51.8  10.2   2   5       1.1   3.2e+02   -2.7   1.8    10    22    77    93    74    96 0.60 -
CBM1.hmm             -             29 EAW16381.1           -            530   2.8e-15   51.8  10.2   3   5       1.6   4.6e+02   -3.2   0.1    19    25   233   239   232   242 0.57 -
CBM1.hmm             -             29 EAW16381.1           -            530   2.8e-15   51.8  10.2   4   5       2.6   7.5e+02   -3.9   0.1     5     8   269   272   268   273 0.82 -
CBM1.hmm             -             29 EAW16381.1           -            530   2.8e-15   51.8  10.2   5   5   9.6e-18   2.8e-15   51.8  10.2     1    29   498   526   498   526 0.98 -
GH31_15.hmm          -            426 EAW16381.1           -            530    0.0005   14.5   0.1   1   1   2.8e-06   0.00081   13.8   0.1    63   100    58    95    55   107 0.86 -
GH7.hmm              -            415 EAL85859.1           -            460  1.8e-145  480.4  11.1   1   1  5.5e-148  2.4e-145  480.0  11.1     8   414    28   398    21   399 0.95 -
CBM1.hmm             -             29 EAL85859.1           -            460     7e-16   53.7  11.5   1   4       1.4   6.1e+02   -3.6   0.8    15    25    37    47    35    48 0.66 -
CBM1.hmm             -             29 EAL85859.1           -            460     7e-16   53.7  11.5   2   4      0.77   3.4e+02   -2.8   0.4    12    18    65    71    64    73 0.69 -
CBM1.hmm             -             29 EAL85859.1           -            460     7e-16   53.7  11.5   3   4     0.069        30    0.5   0.5    13    24    77    88    77    89 0.86 -
CBM1.hmm             -             29 EAL85859.1           -            460     7e-16   53.7  11.5   4   4   1.6e-18     7e-16   53.7  11.5     1    29   428   456   428   456 0.99 -
GH7.hmm              -            415 AAM54070.1           -            526  6.4e-196  646.6  13.7   1   1  2.3e-198    1e-195  646.0  13.7     2   414    26   460    25   461 0.98 -
CBM1.hmm             -             29 AAM54070.1           -            526   6.7e-14   47.4   9.9   1   5     0.039        17    1.3   1.2    15    26    41    52    34    53 0.85 -
CBM1.hmm             -             29 AAM54070.1           -            526   6.7e-14   47.4   9.9   2   5      0.74   3.3e+02   -2.8   0.6    12    26    69    77    68    79 0.49 -
CBM1.hmm             -             29 AAM54070.1           -            526   6.7e-14   47.4   9.9   3   5         1   4.6e+02   -3.2   0.1    19    25   230   236   229   239 0.57 -
CBM1.hmm             -             29 AAM54070.1           -            526   6.7e-14   47.4   9.9   4   5       1.3   5.5e+02   -3.5   0.1     5     8   266   269   265   275 0.75 -
CBM1.hmm             -             29 AAM54070.1           -            526   6.7e-14   47.4   9.9   5   5   1.5e-16   6.7e-14   47.4   9.9     1    29   494   522   494   522 0.99 -
GH7.hmm              -            415 EAA66593.1           -            526  6.4e-196  646.6  13.7   1   1  2.3e-198    1e-195  646.0  13.7     2   414    26   460    25   461 0.98 -
CBM1.hmm             -             29 EAA66593.1           -            526   6.7e-14   47.4   9.9   1   5     0.039        17    1.3   1.2    15    26    41    52    34    53 0.85 -
CBM1.hmm             -             29 EAA66593.1           -            526   6.7e-14   47.4   9.9   2   5      0.74   3.3e+02   -2.8   0.6    12    26    69    77    68    79 0.49 -
CBM1.hmm             -             29 EAA66593.1           -            526   6.7e-14   47.4   9.9   3   5         1   4.6e+02   -3.2   0.1    19    25   230   236   229   239 0.57 -
CBM1.hmm             -             29 EAA66593.1           -            526   6.7e-14   47.4   9.9   4   5       1.3   5.5e+02   -3.5   0.1     5     8   266   269   265   275 0.75 -
CBM1.hmm             -             29 EAA66593.1           -            526   6.7e-14   47.4   9.9   5   5   1.5e-16   6.7e-14   47.4   9.9     1    29   494   522   494   522 0.99 -
GH7.hmm              -            415 EAA63386.1           -            430  6.5e-153  505.0   4.4   1   1    9e-156  7.9e-153  504.7   4.4     6   415    21   428    17   428 0.95 -
GH7.hmm              -            415 AAF04492.1           -            536  6.9e-195  643.2  17.9   1   2  1.6e-197  6.9e-195  643.2  17.9     1   414    23   460    23   461 0.99 -
GH7.hmm              -            415 AAF04492.1           -            536  6.9e-195  643.2  17.9   2   2      0.55   2.4e+02   -4.2   2.1    20    67   479   526   470   531 0.55 -
CBM1.hmm             -             29 AAF04492.1           -            536     2e-13   45.9  16.3   1   5         2   8.8e+02   -4.7   1.6    15    23    39    47    38    49 0.66 -
CBM1.hmm             -             29 AAF04492.1           -            536     2e-13   45.9  16.3   2   5      0.68     3e+02   -2.6   0.5    19    28    68    77    66    77 0.69 -
CBM1.hmm             -             29 AAF04492.1           -            536     2e-13   45.9  16.3   3   5       1.4   6.1e+02   -3.6   0.2     6    14   174   183   174   184 0.67 -
CBM1.hmm             -             29 AAF04492.1           -            536     2e-13   45.9  16.3   4   5       1.2   5.2e+02   -3.4   0.7     5     8   264   267   263   280 0.65 -
CBM1.hmm             -             29 AAF04492.1           -            536     2e-13   45.9  16.3   5   5   4.5e-16     2e-13   45.9  16.3     2    29   505   532   504   532 0.98 -
GH7.hmm              -            415 AAF04491.1           -            452  9.7e-193  636.1  15.0   1   1  2.6e-195  1.1e-192  635.9  15.0     1   414    19   448    19   449 0.99 -
GH31_15.hmm          -            426 AAF04491.1           -            452   0.00073   13.9   0.1   1   1   2.8e-06    0.0012   13.2   0.1    63   100    49    86    44    97 0.87 -
GH7.hmm              -            415 BAA22589.1           -            416  7.4e-162  534.4  16.7   1   1  9.6e-165  8.4e-162  534.2  16.7     5   414    22   414    18   415 0.97 -
GH7.hmm              -            415 EMD62476.1           -            423  3.1e-145  479.7   8.9   1   1  4.1e-148  3.6e-145  479.5   8.9     4   414    21   411    18   412 0.96 -
GH7.hmm              -            415 ACT53749.1           -            426  3.9e-156  515.6   5.7   1   1  5.2e-159  4.5e-156  515.4   5.7     6   414    25   417    20   418 0.96 -
GH7.hmm              -            415 AAQ38146.1           -            526  1.2e-196  649.0  19.8   1   1  3.5e-199  1.5e-196  648.7  19.8     2   414    20   451    19   452 0.99 -
CBM1.hmm             -             29 AAQ38146.1           -            526   3.9e-16   54.6   6.0   1   5     0.078        34    0.4   1.7    15    25    35    45    32    46 0.87 -
CBM1.hmm             -             29 AAQ38146.1           -            526   3.9e-16   54.6   6.0   2   5      0.74   3.2e+02   -2.8   0.1    20    28    65    73    63    73 0.64 -
CBM1.hmm             -             29 AAQ38146.1           -            526   3.9e-16   54.6   6.0   3   5         2   8.8e+02   -4.3   3.0    13    13    86    86    69    93 0.60 -
CBM1.hmm             -             29 AAQ38146.1           -            526   3.9e-16   54.6   6.0   4   5         1   4.5e+02   -3.2   0.1     6    14   171   180   171   181 0.72 -
CBM1.hmm             -             29 AAQ38146.1           -            526   3.9e-16   54.6   6.0   5   5   8.9e-19   3.9e-16   54.6   6.0     1    29   494   522   494   522 0.98 -
GH7.hmm              -            415 BAC07551.1           -            307   2.3e-96  318.7  13.7   1   2   0.00021      0.18    6.1   0.0    17    42     1    27     1    34 0.80 -
GH7.hmm              -            415 BAC07551.1           -            307   2.3e-96  318.7  13.7   2   2   2.3e-96     2e-93  309.0  10.7    75   414    35   307    32   307 0.95 -
GH7.hmm              -            415 BAC07552.1           -            303   2.7e-97  321.7  15.9   1   2   1.3e-05     0.011   10.1   0.1    17    44     1    27     1    31 0.86 -
GH7.hmm              -            415 BAC07552.1           -            303   2.7e-97  321.7  15.9   2   2   1.5e-96   1.3e-93  309.6  11.7    75   413    34   302    28   303 0.94 -
GH7.hmm              -            415 CDJ79665.1           -            457  4.8e-196  647.0  13.8   1   1  1.3e-198  5.5e-196  646.8  13.8     1   414    20   455    20   456 0.99 -
GH31_15.hmm          -            426 CDJ79665.1           -            457    0.0021   12.4   0.0   1   1   7.6e-06    0.0033   11.8   0.0    63   100    50    87    43    96 0.89 -
GH7.hmm              -            415 EAL73676.1           -            457  4.4e-186  614.2  11.2   1   1  1.2e-188  5.1e-186  614.0  11.2     2   414    22   455    21   456 0.99 -
GH31_15.hmm          -            426 EAL73676.1           -            457    0.0027   12.1   0.1   1   1   9.1e-06     0.004   11.5   0.1    63   100    51    87    45   106 0.89 -
GH7.hmm              -            415 EGC35742.1           -            457  3.4e-187  617.9  11.1   1   1  9.1e-190    4e-187  617.7  11.1     2   414    21   454    20   455 0.99 -
GH31_15.hmm          -            426 EGC35742.1           -            457   0.00062   14.2   0.1   1   1   2.2e-06   0.00096   13.5   0.1    63   100    50    86    45    95 0.88 -
GH7.hmm              -            415 BAJ07535.1           -            457  5.9e-199  656.6  18.8   1   1  1.6e-201  6.8e-199  656.4  18.8     1   414    20   454    20   455 0.99 -
GH31_15.hmm          -            426 BAJ07535.1           -            457    0.0051   11.1   0.0   1   1     2e-05    0.0088   10.4   0.0    63   101    50    88    43    98 0.87 -
GH7.hmm              -            415 BAJ07534.1           -            510  6.8e-191  630.1  16.6   1   1    2e-193  8.6e-191  629.7  16.6     1   414    20   452    20   453 0.99 -
CBM1.hmm             -             29 BAJ07534.1           -            510   1.6e-12   43.0   9.3   1   5      0.07        31    0.5   0.9    15    27    36    48    34    49 0.88 -
CBM1.hmm             -             29 BAJ07534.1           -            510   1.6e-12   43.0   9.3   2   5     0.081        35    0.3   0.2    12    21    64    73    63    77 0.85 -
CBM1.hmm             -             29 BAJ07534.1           -            510   1.6e-12   43.0   9.3   3   5       1.1   4.6e+02   -3.2   0.1     9    13   206   210   205   211 0.86 -
CBM1.hmm             -             29 BAJ07534.1           -            510   1.6e-12   43.0   9.3   4   5      0.63   2.8e+02   -2.5   1.4    10    14   248   252   241   261 0.57 -
CBM1.hmm             -             29 BAJ07534.1           -            510   1.6e-12   43.0   9.3   5   5   3.7e-15   1.6e-12   43.0   9.3     1    29   477   505   477   506 0.94 -
GH7.hmm              -            415 AAA65586.1           -            429  2.5e-151  499.8  10.5   1   1  3.3e-154  2.9e-151  499.5  10.5     4   414    22   416    19   417 0.97 -
GH7.hmm              -            415 ABS82449.1           -            464  2.3e-192  634.9  26.4   1   1    3e-195  2.6e-192  634.7  26.4     1   414    21   460    21   461 0.98 -
GH7.hmm              -            415 AIO10971.1           -            535  3.9e-190  627.6  16.1   1   2  1.3e-192  3.9e-190  627.6  16.1     1   414    19   452    19   453 0.99 -
GH7.hmm              -            415 AIO10971.1           -            535  3.9e-190  627.6  16.1   2   2       2.9   8.5e+02   -6.0   3.1    42    48   489   495   462   524 0.36 -
CBM1.hmm             -             29 AIO10971.1           -            535   1.1e-14   49.9  12.8   1   5     0.067        20    1.1   2.4    15    26    35    46    33    47 0.88 -
CBM1.hmm             -             29 AIO10971.1           -            535   1.1e-14   49.9  12.8   2   5         2   5.7e+02   -3.5   5.2    11    21    62    72    62    87 0.71 -
CBM1.hmm             -             29 AIO10971.1           -            535   1.1e-14   49.9  12.8   3   5       1.7     5e+02   -3.4   0.1    19    24   224   229   223   233 0.56 -
CBM1.hmm             -             29 AIO10971.1           -            535   1.1e-14   49.9  12.8   4   5      0.53   1.5e+02   -1.7   0.3     5    14   260   273   259   274 0.72 -
CBM1.hmm             -             29 AIO10971.1           -            535   1.1e-14   49.9  12.8   5   5   3.9e-17   1.1e-14   49.9  12.8     2    29   502   529   501   529 0.98 -
GH31_15.hmm          -            426 AIO10971.1           -            535    0.0038   11.6   0.1   1   1   2.1e-05    0.0062   10.9   0.1    63   100    49    86    46    94 0.89 -
GH7.hmm              -            415 CAA35159.1           -            525  4.4e-197  650.5  16.2   1   1  1.2e-199  5.2e-197  650.2  16.2     1   414    20   452    20   453 0.99 -
CBM1.hmm             -             29 CAA35159.1           -            525   2.4e-15   52.0   4.3   1   6      0.21        92   -1.0   1.3    15    25    36    46    35    48 0.84 -
CBM1.hmm             -             29 CAA35159.1           -            525   2.4e-15   52.0   4.3   2   6      0.08        35    0.3   0.2    11    20    63    72    62    74 0.80 -
CBM1.hmm             -             29 CAA35159.1           -            525   2.4e-15   52.0   4.3   3   6      0.43   1.9e+02   -2.0   0.7    14    20    88    94    82    96 0.77 -
CBM1.hmm             -             29 CAA35159.1           -            525   2.4e-15   52.0   4.3   4   6     0.082        36    0.3   0.3     8    14   209   215   209   217 0.87 -
CBM1.hmm             -             29 CAA35159.1           -            525   2.4e-15   52.0   4.3   5   6      0.85   3.7e+02   -2.9   0.2    14    17   227   230   225   235 0.60 -
CBM1.hmm             -             29 CAA35159.1           -            525   2.4e-15   52.0   4.3   6   6   5.5e-18   2.4e-15   52.0   4.3     2    29   494   521   493   521 0.98 -
GH7.hmm              -            415 BAA09786.1           -            435  5.7e-155  511.7   0.2   1   1  7.5e-158  6.6e-155  511.5   0.2     5   415    25   419    21   419 0.97 -
GH7.hmm              -            415 AAD31545.1           -            451  3.2e-176  581.7   5.6   1   1  4.2e-179  3.7e-176  581.5   5.6     1   414    24   449    24   450 0.98 -
GH7.hmm              -            415 BAA74517.1           -            451  4.6e-176  581.2   5.4   1   1    6e-179  5.3e-176  581.0   5.4     1   414    24   449    24   450 0.98 -
GH7.hmm              -            415 BAA09785.1           -            525  1.5e-197  652.0  16.2   1   1  4.1e-200  1.8e-197  651.8  16.2     1   414    20   452    20   453 0.99 -
CBM1.hmm             -             29 BAA09785.1           -            525   6.9e-16   53.8   6.2   1   6      0.11        47   -0.1   1.0    14    25    35    46    34    48 0.84 -
CBM1.hmm             -             29 BAA09785.1           -            525   6.9e-16   53.8   6.2   2   6      0.08        35    0.3   0.2    11    20    63    72    62    74 0.80 -
CBM1.hmm             -             29 BAA09785.1           -            525   6.9e-16   53.8   6.2   3   6      0.43   1.9e+02   -2.0   0.7    14    20    88    94    82    96 0.77 -
CBM1.hmm             -             29 BAA09785.1           -            525   6.9e-16   53.8   6.2   4   6     0.082        36    0.3   0.3     8    14   209   215   209   217 0.87 -
CBM1.hmm             -             29 BAA09785.1           -            525   6.9e-16   53.8   6.2   5   6      0.85   3.7e+02   -2.9   0.2    14    17   227   230   225   235 0.60 -
CBM1.hmm             -             29 BAA09785.1           -            525   6.9e-16   53.8   6.2   6   6   1.6e-18   6.9e-16   53.8   6.2     2    29   494   521   493   521 0.98 -
GH7.hmm              -            415 BAA76363.1           -            517  1.3e-193  639.1  18.9   1   1  5.2e-196  1.5e-193  638.8  18.9     1   414    20   450    20   451 0.99 -
CBM1.hmm             -             29 BAA76363.1           -            517   7.4e-15   50.5   6.6   1   6         3   8.8e+02   -5.2   1.2    19    26    41    46    37    46 0.56 -
CBM1.hmm             -             29 BAA76363.1           -            517   7.4e-15   50.5   6.6   2   6      0.78   2.3e+02   -2.3   0.1    12    19    63    70    62    73 0.61 -
CBM1.hmm             -             29 BAA76363.1           -            517   7.4e-15   50.5   6.6   3   6      0.29        84   -0.9   2.6    10    23    73    85    66    87 0.73 -
CBM1.hmm             -             29 BAA76363.1           -            517   7.4e-15   50.5   6.6   4   6       2.1     6e+02   -3.6   0.3    14    17   222   225   221   228 0.74 -
CBM1.hmm             -             29 BAA76363.1           -            517   7.4e-15   50.5   6.6   5   6      0.26        76   -0.7   0.5    12    22   248   257   247   264 0.72 -
CBM1.hmm             -             29 BAA76363.1           -            517   7.4e-15   50.5   6.6   6   6   2.5e-17   7.4e-15   50.5   6.6     1    29   485   513   485   513 0.98 -
GH31_15.hmm          -            426 BAA76363.1           -            517    0.0029   11.9   0.1   1   1   1.6e-05    0.0045   11.3   0.1    62   100    48    86    40    95 0.89 -
GH7.hmm              -            415 BAA76364.1           -            523  1.6e-194  642.0  18.2   1   1  6.6e-197  1.9e-194  641.7  18.2     1   414    20   450    20   451 0.99 -
CBM1.hmm             -             29 BAA76364.1           -            523     3e-14   48.5   8.4   1   5         3   8.8e+02   -4.2   1.1    18    21    40    43    35    50 0.56 -
CBM1.hmm             -             29 BAA76364.1           -            523     3e-14   48.5   8.4   2   5     0.054        16    1.4   2.4    10    24    68    86    62    87 0.76 -
CBM1.hmm             -             29 BAA76364.1           -            523     3e-14   48.5   8.4   3   5      0.52   1.5e+02   -1.7   0.4     8    14   204   210   204   211 0.80 -
CBM1.hmm             -             29 BAA76364.1           -            523     3e-14   48.5   8.4   4   5       1.2   3.4e+02   -2.8   0.2    14    17   222   225   219   230 0.60 -
CBM1.hmm             -             29 BAA76364.1           -            523     3e-14   48.5   8.4   5   5     1e-16     3e-14   48.5   8.4     1    29   491   519   491   519 0.98 -
GH31_15.hmm          -            426 BAA76364.1           -            523    0.0056   11.0   0.0   1   1   3.1e-05    0.0089   10.3   0.0    63    97    49    83    38    93 0.89 -
GH7.hmm              -            415 ADB85438.1           -            448  3.3e-179  591.6  12.5   1   1  4.3e-182  3.8e-179  591.4  12.5     1   412    19   446    19   448 0.98 -
GH7.hmm              -            415 CAD56667.1           -            452  7.2e-173  570.7   5.1   1   1  9.5e-176  8.3e-173  570.5   5.1     2   414    25   450    24   451 0.99 -
GH7.hmm              -            415 CAD79780.1           -            451  4.6e-176  581.2   5.4   1   1    6e-179  5.3e-176  581.0   5.4     1   414    24   449    24   450 0.98 -
GH7.hmm              -            415 CAA02835.1           -            516  4.7e-186  614.1  12.4   1   1  1.5e-188  6.6e-186  613.7  12.4     1   411    19   439    19   442 0.99 -
CBM1.hmm             -             29 CAA02835.1           -            516   8.3e-13   43.9   2.1   1   4         2   8.8e+02   -4.3   0.5    15    26    35    45    34    45 0.71 -
CBM1.hmm             -             29 CAA02835.1           -            516   8.3e-13   43.9   2.1   2   4      0.52   2.3e+02   -2.3   4.1    12    21    62    71    61    86 0.67 -
CBM1.hmm             -             29 CAA02835.1           -            516   8.3e-13   43.9   2.1   3   4      0.98   4.3e+02   -3.1   0.1    19    28   218   227   217   227 0.71 -
CBM1.hmm             -             29 CAA02835.1           -            516   8.3e-13   43.9   2.1   4   4   1.9e-15   8.3e-13   43.9   2.1     1    29   484   512   484   512 0.95 -
GH7.hmm              -            415 EAA33262.1           -            521  5.1e-193  637.1  21.9   1   1  1.4e-195  6.3e-193  636.8  21.9     2   414    20   448    19   449 0.99 -
CBM1.hmm             -             29 EAA33262.1           -            521   2.6e-16   55.1   7.3   1   6         2   8.8e+02   -4.9   1.0    16    19    36    40    34    43 0.49 -
CBM1.hmm             -             29 EAA33262.1           -            521   2.6e-16   55.1   7.3   2   6     0.043        19    1.2   0.2    11    19    61    69    61    72 0.82 -
CBM1.hmm             -             29 EAA33262.1           -            521   2.6e-16   55.1   7.3   3   6      0.23        99   -1.1   0.8    14    20    86    92    82    94 0.82 -
CBM1.hmm             -             29 EAA33262.1           -            521   2.6e-16   55.1   7.3   4   6      0.76   3.3e+02   -2.8   0.1    14    23   225   228   223   233 0.58 -
CBM1.hmm             -             29 EAA33262.1           -            521   2.6e-16   55.1   7.3   5   6         2   8.8e+02   -4.4   0.3     5     8   260   263   260   264 0.83 -
CBM1.hmm             -             29 EAA33262.1           -            521   2.6e-16   55.1   7.3   6   6     6e-19   2.6e-16   55.1   7.3     1    29   489   517   489   517 0.99 -
GH7.hmm              -            415 AIL95870.1           -            541  5.6e-197  650.1  16.7   1   2  1.9e-199  5.6e-197  650.1  16.7     1   414    27   462    27   463 0.99 -
GH7.hmm              -            415 AIL95870.1           -            541  5.6e-197  650.1  16.7   2   2       1.1   3.1e+02   -4.6   2.4    13    33   477   497   468   533 0.41 -
CBM1.hmm             -             29 AIL95870.1           -            541   4.9e-15   51.0  11.1   1   5      0.51   1.5e+02   -1.7   1.2    15    25    43    53    41    54 0.82 -
CBM1.hmm             -             29 AIL95870.1           -            541   4.9e-15   51.0  11.1   2   5      0.09        26    0.7   0.3    11    21    70    80    70    82 0.86 -
CBM1.hmm             -             29 AIL95870.1           -            541   4.9e-15   51.0  11.1   3   5       1.6   4.7e+02   -3.3   0.1    19    25   232   238   231   241 0.57 -
CBM1.hmm             -             29 AIL95870.1           -            541   4.9e-15   51.0  11.1   4   5       2.4     7e+02   -3.8   0.1     5     8   268   271   267   273 0.83 -
CBM1.hmm             -             29 AIL95870.1           -            541   4.9e-15   51.0  11.1   5   5   1.7e-17   4.9e-15   51.0  11.1     1    29   509   537   509   537 0.99 -
GH31_15.hmm          -            426 AIL95870.1           -            541    0.0011   13.4   0.1   1   1   5.7e-06    0.0017   12.8   0.1    63   100    57    94    51   104 0.89 -
GH7.hmm              -            415 AAV65115.1           -            529  1.4e-201  665.3  13.4   1   2  3.2e-204  1.4e-201  665.3  13.4     1   414    27   462    27   463 0.99 -
GH7.hmm              -            415 AAV65115.1           -            529  1.4e-201  665.3  13.4   2   2      0.38   1.7e+02   -3.6   1.6    40    67   492   519   465   523 0.52 -
CBM1.hmm             -             29 AAV65115.1           -            529   5.4e-14   47.7  12.4   1   4     0.077        34    0.4   1.2    15    25    43    53    41    55 0.87 -
CBM1.hmm             -             29 AAV65115.1           -            529   5.4e-14   47.7  12.4   2   4      0.86   3.8e+02   -3.0   0.8    21    28    74    81    71    81 0.62 -
CBM1.hmm             -             29 AAV65115.1           -            529   5.4e-14   47.7  12.4   3   4         2   8.6e+02   -4.1   0.1    15    17   234   236   231   240 0.67 -
CBM1.hmm             -             29 AAV65115.1           -            529   5.4e-14   47.7  12.4   4   4   1.2e-16   5.4e-14   47.7  12.4     1    29   497   525   497   525 0.98 -
GH7.hmm              -            415 ACV95805.1           -            546  1.6e-197  651.9  13.8   1   1  8.2e-200  2.4e-197  651.3  13.8     2   414    28   461    27   462 0.99 -
CBM1.hmm             -             29 ACV95805.1           -            546   9.7e-15   50.1  11.5   1   6      0.48   1.4e+02   -1.6   0.7    15    24    43    52    41    54 0.81 -
CBM1.hmm             -             29 ACV95805.1           -            546   9.7e-15   50.1  11.5   2   6      0.77   2.2e+02   -2.2   0.8    10    14    75    79    70    93 0.56 -
CBM1.hmm             -             29 ACV95805.1           -            546   9.7e-15   50.1  11.5   3   6       1.4   4.1e+02   -3.1   0.8    14    17   232   235   231   236 0.80 -
CBM1.hmm             -             29 ACV95805.1           -            546   9.7e-15   50.1  11.5   4   6       1.2   3.6e+02   -2.9   0.9     5     7   267   269   258   276 0.53 -
CBM1.hmm             -             29 ACV95805.1           -            546   9.7e-15   50.1  11.5   5   6         3   8.8e+02   -7.3   5.2     7    21   468   482   467   484 0.71 -
CBM1.hmm             -             29 ACV95805.1           -            546   9.7e-15   50.1  11.5   6   6   3.3e-17   9.7e-15   50.1  11.5     1    29   514   542   514   542 0.99 -
GH31_15.hmm          -            426 ACV95805.1           -            546   0.00043   14.7   0.0   1   1   2.2e-06   0.00064   14.1   0.0    63   101    57    94    49   104 0.86 -
GH7.hmm              -            415 ABY56790.1           -            474  1.1e-139  461.4   8.5   1   2  2.5e-142  1.1e-139  461.4   8.5     8   414    29   399    22   400 0.94 -
GH7.hmm              -            415 ABY56790.1           -            474  1.1e-139  461.4   8.5   2   2       1.1     5e+02   -5.2   3.4    23    67   421   464   406   467 0.45 -
CBM1.hmm             -             29 ABY56790.1           -            474   1.4e-14   49.6  14.2   1   2      0.03        13    1.7   0.8    13    24    78    89    78    90 0.90 -
CBM1.hmm             -             29 ABY56790.1           -            474   1.4e-14   49.6  14.2   2   2   3.2e-17   1.4e-14   49.6  14.2     1    29   442   470   442   470 0.98 -
GH7.hmm              -            415 CAA41780.1           -            537  7.3e-190  626.7  13.3   1   2  2.5e-192  7.3e-190  626.7  13.3     1   414    27   459    27   460 0.99 -
GH7.hmm              -            415 CAA41780.1           -            537  7.3e-190  626.7  13.3   2   2      0.74   2.2e+02   -4.0   5.8     5    68   463   528   459   531 0.70 -
CBM1.hmm             -             29 CAA41780.1           -            537   1.4e-15   52.8  12.8   1   5       2.5   7.3e+02   -3.9   1.4    15    25    43    52    42    53 0.74 -
CBM1.hmm             -             29 CAA41780.1           -            537   1.4e-15   52.8  12.8   2   5      0.14        41    0.1   1.3    11    21    69    79    69    93 0.83 -
CBM1.hmm             -             29 CAA41780.1           -            537   1.4e-15   52.8  12.8   3   5       1.6   4.7e+02   -3.3   0.1    19    25   230   236   229   239 0.57 -
CBM1.hmm             -             29 CAA41780.1           -            537   1.4e-15   52.8  12.8   4   5       1.7   4.9e+02   -3.3   1.8     4     8   265   269   263   279 0.79 -
CBM1.hmm             -             29 CAA41780.1           -            537   1.4e-15   52.8  12.8   5   5   4.8e-18   1.4e-15   52.8  12.8     2    29   506   533   505   533 0.99 -
GH31_15.hmm          -            426 CAA41780.1           -            537    0.0059   10.9   0.0   1   1   3.3e-05    0.0096   10.2   0.0    63   100    56    93    50   111 0.85 -
GH7.hmm              -            415 AAT99321.1           -            529  8.6e-185  610.0  13.8   1   1  2.6e-187  1.1e-184  609.6  13.8     1   414    27   458    27   459 0.99 -
CBM1.hmm             -             29 AAT99321.1           -            529   1.2e-15   53.0  12.8   1   4     0.096        42    0.1   1.7    15    24    43    52    40    54 0.85 -
CBM1.hmm             -             29 AAT99321.1           -            529   1.2e-15   53.0  12.8   2   4       1.2   5.1e+02   -3.4   1.1    16    21    75    80    72    92 0.64 -
CBM1.hmm             -             29 AAT99321.1           -            529   1.2e-15   53.0  12.8   3   4         2   8.8e+02   -4.5   0.3     5     8   265   268   265   269 0.83 -
CBM1.hmm             -             29 AAT99321.1           -            529   1.2e-15   53.0  12.8   4   4   2.7e-18   1.2e-15   53.0  12.8     1    29   497   525   497   525 0.99 -
GH7.hmm              -            415 CAA80253.1           -            516  1.7e-196  648.6  18.8   1   1  4.6e-199    2e-196  648.3  18.8     1   414    20   445    20   446 0.99 -
CBM1.hmm             -             29 CAA80253.1           -            516   3.4e-15   51.6  10.2   1   5         2   8.8e+02   -4.2   0.9    15    26    36    47    34    47 0.62 -
CBM1.hmm             -             29 CAA80253.1           -            516   3.4e-15   51.6  10.2   2   5     0.079        35    0.3   1.8    10    23    74    86    67    88 0.75 -
CBM1.hmm             -             29 CAA80253.1           -            516   3.4e-15   51.6  10.2   3   5      0.59   2.6e+02   -2.4   0.3    14    24   221   225   219   229 0.56 -
CBM1.hmm             -             29 CAA80253.1           -            516   3.4e-15   51.6  10.2   4   5         2   8.8e+02   -4.5   0.7    18    22   252   256   248   257 0.65 -
CBM1.hmm             -             29 CAA80253.1           -            516   3.4e-15   51.6  10.2   5   5   7.8e-18   3.4e-15   51.6  10.2     1    29   484   512   484   512 0.98 -
GH7.hmm              -            415 CAA82761.1           -            540  4.7e-197  650.4  16.4   1   1  1.9e-199  5.6e-197  650.1  16.4     1   414    20   445    20   446 0.99 -
CBM1.hmm             -             29 CAA82761.1           -            540     1e-12   43.6   9.7   1   4      0.82   2.4e+02   -2.3   2.9    15    22    78    85    63    88 0.64 -
CBM1.hmm             -             29 CAA82761.1           -            540     1e-12   43.6   9.7   2   4       1.2   3.4e+02   -2.8   0.2    14    23   221   224   218   229 0.59 -
CBM1.hmm             -             29 CAA82761.1           -            540     1e-12   43.6   9.7   3   4       1.7   4.9e+02   -3.3   0.5    11    17   246   252   246   253 0.86 -
CBM1.hmm             -             29 CAA82761.1           -            540     1e-12   43.6   9.7   4   4   3.5e-15     1e-12   43.6   9.7     1    27   478   504   478   505 0.97 -
GH31_15.hmm          -            426 CAA82761.1           -            540    0.0047   11.3   0.0   1   1   2.5e-05    0.0073   10.6   0.0    59    99    45    86    36    95 0.87 -
GH7.hmm              -            415 CAM98445.1           -            523  1.7e-196  648.5  16.6   1   1  4.9e-199  2.1e-196  648.2  16.6     2   414    20   450    19   451 0.99 -
CBM1.hmm             -             29 CAM98445.1           -            523   3.2e-15   51.7  15.8   1   5      0.37   1.6e+02   -1.8   1.2    15    25    35    45    33    46 0.80 -
CBM1.hmm             -             29 CAM98445.1           -            523   3.2e-15   51.7  15.8   2   5      0.92     4e+02   -3.1   0.5    20    28    65    73    63    73 0.61 -
CBM1.hmm             -             29 CAM98445.1           -            523   3.2e-15   51.7  15.8   3   5      0.97   4.2e+02   -3.1   0.3    15    19    88    92    85    97 0.58 -
CBM1.hmm             -             29 CAM98445.1           -            523   3.2e-15   51.7  15.8   4   5         1   4.4e+02   -3.2   0.1    19    28   225   234   224   234 0.71 -
CBM1.hmm             -             29 CAM98445.1           -            523   3.2e-15   51.7  15.8   5   5   7.2e-18   3.2e-15   51.7  15.8     1    29   491   519   491   519 0.99 -
GH7.hmm              -            415 CAM98446.1           -            459  5.1e-191  630.5  14.4   1   1  6.9e-194    6e-191  630.2  14.4     2   414    24   456    23   457 0.99 -
GH7.hmm              -            415 ADZ44605.1           -            462  1.1e-193  639.2  18.1   1   1  1.5e-196  1.3e-193  639.1  18.1     1   415    19   458    19   458 0.98 -
GH7.hmm              -            415 BAB64562.1           -            318  1.3e-103  342.6  14.2   1   2   5.7e-10     5e-07   24.4   0.1     8    44     1    36     1    42 0.89 -
GH7.hmm              -            415 BAB64562.1           -            318  1.3e-103  342.6  14.2   2   2   1.4e-98   1.2e-95  316.3   9.7    75   414    43   318    40   318 0.94 -
GH7.hmm              -            415 BAB64561.1           -            318  1.6e-103  342.2  12.9   1   2   2.7e-10   2.3e-07   25.5   0.1     8    45     1    37     1    42 0.90 -
GH7.hmm              -            415 BAB64561.1           -            318  1.6e-103  342.2  12.9   2   2     5e-98   4.4e-95  314.5   8.9    75   414    43   318    40   318 0.94 -
GH7.hmm              -            415 BAB64553.1           -            328  8.3e-105  346.5  13.5   1   2   5.1e-11   4.5e-08   27.9   0.1     6    45     9    47     5    52 0.88 -
GH7.hmm              -            415 BAB64553.1           -            328  8.3e-105  346.5  13.5   2   2   1.7e-98   1.5e-95  316.0  10.0    75   414    53   328    46   328 0.94 -
GH7.hmm              -            415 XP_367082.1          -            449  8.2e-170  560.6  11.1   1   1  1.1e-172  9.4e-170  560.4  11.1     1   415    19   447    19   447 0.99 -
GH7.hmm              -            415 XP_003721274.1       -            424  2.8e-146  483.1   0.3   1   1  3.9e-149  3.4e-146  482.8   0.3     7   415    24   418    19   418 0.96 -
GH7.hmm              -            415 AAL89553.1           -            455  1.9e-200  661.6  10.3   1   1    5e-203  2.2e-200  661.4  10.3     1   414    20   452    20   453 0.99 -
GH31_15.hmm          -            426 AAL89553.1           -            455    0.0043   11.4   0.2   1   1   1.5e-05    0.0066   10.8   0.2    63   100    50    87    45    95 0.86 -
GH7.hmm              -            415 AGT15838.1           -            317   1.5e-83  276.5  11.6   1   2   9.5e-64   8.4e-61  201.6   8.1    74   313    48   246    10   253 0.87 -
GH7.hmm              -            415 AGT15838.1           -            317   1.5e-83  276.5  11.6   2   2   5.8e-24   5.1e-21   70.5   0.1   342   414   246   317   239   317 0.95 -
GH7.hmm              -            415 AGT15839.1           -            439  1.1e-179  593.1  19.4   1   1  1.5e-182  1.3e-179  592.9  19.4     2   414    17   436    16   437 0.98 -
GH7.hmm              -            415 AGT15840.1           -            448  4.3e-181  597.8  23.3   1   1  5.5e-184  4.8e-181  597.6  23.3     2   414    17   445    16   446 0.98 -
GH7.hmm              -            415 GAM33347.1           -            529  1.1e-184  609.6  13.6   1   1  3.5e-187  1.5e-184  609.2  13.6     1   414    27   458    27   459 0.99 -
CBM1.hmm             -             29 GAM33347.1           -            529   1.2e-15   53.0  12.8   1   4     0.096        42    0.1   1.7    15    24    43    52    40    54 0.85 -
CBM1.hmm             -             29 GAM33347.1           -            529   1.2e-15   53.0  12.8   2   4       1.2   5.1e+02   -3.4   1.1    16    21    75    80    72    92 0.64 -
CBM1.hmm             -             29 GAM33347.1           -            529   1.2e-15   53.0  12.8   3   4         2   8.8e+02   -4.5   0.3     5     8   265   268   265   269 0.83 -
CBM1.hmm             -             29 GAM33347.1           -            529   1.2e-15   53.0  12.8   4   4   2.7e-18   1.2e-15   53.0  12.8     1    29   497   525   497   525 0.99 -
GH7.hmm              -            415 GAM37432.1           -            495    3e-148  489.6  11.2   1   2  6.8e-151    3e-148  489.6  11.2     7   413    26   416    21   418 0.95 -
GH7.hmm              -            415 GAM37432.1           -            495    3e-148  489.6  11.2   2   2         1   4.4e+02   -5.0   3.7    10    66   433   484   424   488 0.43 -
CBM1.hmm             -             29 GAM37432.1           -            495   5.7e-14   47.6  11.4   1   5         1   4.5e+02   -3.2   1.2    15    25    36    46    33    48 0.70 -
CBM1.hmm             -             29 GAM37432.1           -            495   5.7e-14   47.6  11.4   2   5      0.25   1.1e+02   -1.2   1.3    11    19    63    71    63    73 0.82 -
CBM1.hmm             -             29 GAM37432.1           -            495   5.7e-14   47.6  11.4   3   5    0.0049       2.1    4.2   1.8     3    24   192   215   192   219 0.72 -
CBM1.hmm             -             29 GAM37432.1           -            495   5.7e-14   47.6  11.4   4   5         2   8.8e+02   -5.8   2.7    18    22   242   246   237   252 0.64 -
CBM1.hmm             -             29 GAM37432.1           -            495   5.7e-14   47.6  11.4   5   5   1.3e-16   5.7e-14   47.6  11.4     1    29   463   491   463   491 0.99 -
GH7.hmm              -            415 CAC85737.1           -            529  1.6e-187  619.0  12.6   1   1  5.5e-190  2.4e-187  618.4  12.6     1   414    27   458    27   459 0.99 -
CBM1.hmm             -             29 CAC85737.1           -            529   8.9e-16   53.4  13.3   1   3     0.096        42    0.1   1.7    15    24    43    52    40    54 0.85 -
CBM1.hmm             -             29 CAC85737.1           -            529   8.9e-16   53.4  13.3   2   3       1.3   5.8e+02   -3.6   1.2    16    21    75    80    72    92 0.64 -
CBM1.hmm             -             29 CAC85737.1           -            529   8.9e-16   53.4  13.3   3   3     2e-18   8.9e-16   53.4  13.3     1    29   497   525   497   525 0.99 -
GH7.hmm              -            415 CAM98447.1           -            457  3.3e-202  667.3  12.9   1   1  8.8e-205  3.8e-202  667.1  12.9     1   414    19   454    19   455 0.99 -
GH31_15.hmm          -            426 CAM98447.1           -            457    0.0013   13.1   0.2   1   1   4.7e-06     0.002   12.5   0.2    63    99    49    85    46    94 0.90 -
GH7.hmm              -            415 AAL83303.1           -            457  2.6e-199  657.8  11.7   1   1  6.8e-202    3e-199  657.6  11.7     2   414    20   454    19   455 0.99 -
GH31_15.hmm          -            426 AAL83303.1           -            457    0.0014   13.0   0.2   1   1   4.7e-06     0.002   12.5   0.2    63    99    49    85    46    94 0.90 -
GH7.hmm              -            415 CAD79782.1           -            538  9.2e-196  646.1  22.5   1   2  2.1e-198  9.2e-196  646.1  22.5     2   414    20   451    19   452 0.99 -
GH7.hmm              -            415 CAD79782.1           -            538  9.2e-196  646.1  22.5   2   2      0.41   1.8e+02   -3.8   4.6    22    68   483   529   462   532 0.68 -
CBM1.hmm             -             29 CAD79782.1           -            538   4.7e-15   51.1  12.5   1   6      0.45     2e+02   -2.1   0.7    15    24    35    44    33    45 0.77 -
CBM1.hmm             -             29 CAD79782.1           -            538   4.7e-15   51.1  12.5   2   6         2   8.8e+02   -6.6   7.7    15    22    77    84    62    94 0.66 -
CBM1.hmm             -             29 CAD79782.1           -            538   4.7e-15   51.1  12.5   3   6       1.1   4.6e+02   -3.3   0.1     6    14   171   180   171   181 0.72 -
CBM1.hmm             -             29 CAD79782.1           -            538   4.7e-15   51.1  12.5   4   6      0.98   4.3e+02   -3.2   0.4    19    28   225   234   224   234 0.72 -
CBM1.hmm             -             29 CAD79782.1           -            538   4.7e-15   51.1  12.5   5   6       1.6     7e+02   -3.8   1.6     5     6   261   262   252   265 0.54 -
CBM1.hmm             -             29 CAD79782.1           -            538   4.7e-15   51.1  12.5   6   6   1.1e-17   4.7e-15   51.1  12.5     1    29   506   534   506   534 0.99 -
GH7.hmm              -            415 CAM98448.1           -            532  2.2e-196  648.1  19.7   1   1  6.3e-199  2.7e-196  647.8  19.7     1   414    20   452    20   453 0.99 -
CBM1.hmm             -             29 CAM98448.1           -            532   5.2e-13   44.6  14.3   1   6     0.017       7.2    2.5   0.7    15    26    36    47    34    48 0.90 -
CBM1.hmm             -             29 CAM98448.1           -            532   5.2e-13   44.6  14.3   2   6      0.12        51   -0.2   0.4    11    19    63    71    62    74 0.76 -
CBM1.hmm             -             29 CAM98448.1           -            532   5.2e-13   44.6  14.3   3   6      0.11        47   -0.1   1.5    13    20    87    94    85    96 0.86 -
CBM1.hmm             -             29 CAM98448.1           -            532   5.2e-13   44.6  14.3   4   6         1   4.6e+02   -3.2   0.1     6    14   172   181   172   182 0.72 -
CBM1.hmm             -             29 CAM98448.1           -            532   5.2e-13   44.6  14.3   5   6       1.6   6.9e+02   -3.8   0.2     5     8   262   265   261   266 0.80 -
CBM1.hmm             -             29 CAM98448.1           -            532   5.2e-13   44.6  14.3   6   6   1.2e-15   5.2e-13   44.6  14.3     1    29   500   528   500   528 0.98 -
GH7.hmm              -            415 AAW64926.1           -            530    6e-197  650.0  17.5   1   1  1.7e-199  7.6e-197  649.7  17.5     1   414    20   452    20   453 0.99 -
CBM1.hmm             -             29 AAW64926.1           -            530   2.5e-13   45.6  13.0   1   6     0.037        16    1.4   0.9    15    26    36    47    34    48 0.90 -
CBM1.hmm             -             29 AAW64926.1           -            530   2.5e-13   45.6  13.0   2   6       0.1        44    0.0   0.2    11    19    63    71    62    74 0.76 -
CBM1.hmm             -             29 AAW64926.1           -            530   2.5e-13   45.6  13.0   3   6       0.1        44    0.0   1.4    13    20    87    94    82    96 0.87 -
CBM1.hmm             -             29 AAW64926.1           -            530   2.5e-13   45.6  13.0   4   6         1   4.6e+02   -3.2   0.1     6    14   172   181   172   182 0.72 -
CBM1.hmm             -             29 AAW64926.1           -            530   2.5e-13   45.6  13.0   5   6       1.9   8.3e+02   -4.1   0.2     5     8   262   265   261   266 0.83 -
CBM1.hmm             -             29 AAW64926.1           -            530   2.5e-13   45.6  13.0   6   6   5.7e-16   2.5e-13   45.6  13.0     1    29   498   526   498   526 0.98 -
GH7.hmm              -            415 AAY89412.2           -            451  2.6e-176  582.0   6.2   1   1  3.5e-179    3e-176  581.8   6.2     2   415    25   450    24   450 0.99 -
GH7.hmm              -            415 AEO58196.1           -            464  9.8e-139  458.3   2.5   1   1  2.9e-141  1.3e-138  457.9   2.5     1   414    24   396    24   397 0.95 -
CBM1.hmm             -             29 AEO58196.1           -            464   6.6e-15   50.6  13.9   1   4      0.84   3.7e+02   -2.9   0.9    15    25    40    50    37    52 0.70 -
CBM1.hmm             -             29 AEO58196.1           -            464   6.6e-15   50.6  13.9   2   4      0.84   3.7e+02   -2.9   0.2    15    24    82    91    81    92 0.75 -
CBM1.hmm             -             29 AEO58196.1           -            464   6.6e-15   50.6  13.9   3   4       0.6   2.6e+02   -2.5   1.0     4    12   197   206   196   220 0.62 -
CBM1.hmm             -             29 AEO58196.1           -            464   6.6e-15   50.6  13.9   4   4   1.5e-17   6.6e-15   50.6  13.9     1    29   432   460   432   460 0.99 -
GH7.hmm              -            415 AEO67172.1           -            526  1.7e-198  655.1  19.0   1   1  4.7e-201    2e-198  654.9  19.0     1   414    19   451    19   452 0.99 -
CBM1.hmm             -             29 AEO67172.1           -            526   2.9e-17   58.2   9.8   1   3     0.041        18    1.3   1.2    15    25    35    45    33    47 0.87 -
CBM1.hmm             -             29 AEO67172.1           -            526   2.9e-17   58.2   9.8   2   3      0.34   1.5e+02   -1.7   2.7    15    23    77    85    63    87 0.72 -
CBM1.hmm             -             29 AEO67172.1           -            526   2.9e-17   58.2   9.8   3   3   6.7e-20   2.9e-17   58.2   9.8     1    29   494   522   494   522 0.99 -
GH7.hmm              -            415 PTB50088.1           -            471  1.4e-135  447.8  10.2   1   2  3.3e-138  1.4e-135  447.8  10.2     1   414    26   395    26   396 0.95 -
GH7.hmm              -            415 PTB50088.1           -            471  1.4e-135  447.8  10.2   2   2         2   8.8e+02   -7.5   3.7   222   239   430   447   421   464 0.46 -
CBM1.hmm             -             29 PTB50088.1           -            471   3.8e-11   38.6  17.3   1   3       1.1   4.8e+02   -3.3   0.5    15    23    42    50    40    53 0.52 -
CBM1.hmm             -             29 PTB50088.1           -            471   3.8e-11   38.6  17.3   2   3      0.48   2.1e+02   -2.1   1.2    16    25   212   221   197   222 0.57 -
CBM1.hmm             -             29 PTB50088.1           -            471   3.8e-11   38.6  17.3   3   3   8.6e-14   3.8e-11   38.6  17.3     1    29   439   467   439   467 0.99 -
GH7.hmm              -            415 AAF36391.1           -            505    4e-185  611.1  18.8   1   1  1.1e-187  4.8e-185  610.8  18.8     1   413    19   442    19   444 0.98 -
CBM1.hmm             -             29 AAF36391.1           -            505   3.6e-15   51.5   9.4   1   5       0.3   1.3e+02   -1.5   1.7     7    24    69    85    64    86 0.73 -
CBM1.hmm             -             29 AAF36391.1           -            505   3.6e-15   51.5   9.4   2   5       1.2   5.1e+02   -3.4   0.1     6    12    90    96    90    97 0.84 -
CBM1.hmm             -             29 AAF36391.1           -            505   3.6e-15   51.5   9.4   3   5      0.96   4.2e+02   -3.1   0.1    19    28   220   229   219   229 0.71 -
CBM1.hmm             -             29 AAF36391.1           -            505   3.6e-15   51.5   9.4   4   5      0.93   4.1e+02   -3.1   0.8     5     7   256   258   247   265 0.59 -
CBM1.hmm             -             29 AAF36391.1           -            505   3.6e-15   51.5   9.4   5   5   8.3e-18   3.6e-15   51.5   9.4     1    29   473   501   473   501 0.98 -
GH7.hmm              -            415 CAA49596.1           -            513  2.7e-185  611.6  19.1   1   1  1.2e-187  3.4e-185  611.3  19.1     2   414    20   447    19   448 0.98 -
CBM1.hmm             -             29 CAA49596.1           -            513   1.2e-15   53.0   8.1   1   4     0.024         7    2.6   1.9    15    25    35    45    33    46 0.89 -
CBM1.hmm             -             29 CAA49596.1           -            513   1.2e-15   53.0   8.1   2   4       1.4     4e+02   -3.1   1.8     7    22    70    84    64    87 0.57 -
CBM1.hmm             -             29 CAA49596.1           -            513   1.2e-15   53.0   8.1   3   4       1.5   4.3e+02   -3.1   0.1    19    28   224   233   223   233 0.71 -
CBM1.hmm             -             29 CAA49596.1           -            513   1.2e-15   53.0   8.1   4   4     4e-18   1.2e-15   53.0   8.1     1    29   481   509   481   509 0.99 -
GH31_15.hmm          -            426 CAA49596.1           -            513    0.0072   10.7   0.0   1   1   3.8e-05     0.011   10.0   0.0    63   100    49    86    44    95 0.91 -
GH7.hmm              -            415 CAA43059.1           -            463  8.2e-136  448.6   8.6   1   1  3.6e-138  1.6e-135  447.7   8.6     1   414    24   393    24   394 0.95 -
CBM1.hmm             -             29 CAA43059.1           -            463   5.5e-12   41.3  18.9   1   4       1.5   6.4e+02   -3.7   0.8    15    25    40    50    38    51 0.62 -
CBM1.hmm             -             29 CAA43059.1           -            463   5.5e-12   41.3  18.9   2   4       1.9   8.4e+02   -4.1   0.4    15    22    81    88    80    90 0.72 -
CBM1.hmm             -             29 CAA43059.1           -            463   5.5e-12   41.3  18.9   3   4       1.1   4.9e+02   -3.3   0.4    14    22   239   246   237   251 0.64 -
CBM1.hmm             -             29 CAA43059.1           -            463   5.5e-12   41.3  18.9   4   4   1.2e-14   5.5e-12   41.3  18.9     1    29   431   459   431   459 0.99 -
GH7.hmm              -            415 ABM90986.1           -            461  2.8e-136  450.2   7.2   1   1  1.2e-138  5.4e-136  449.2   7.2     1   414    24   393    24   394 0.95 -
CBM1.hmm             -             29 ABM90986.1           -            461   5.4e-12   41.3  18.9   1   4       1.5   6.4e+02   -3.7   0.8    15    25    40    50    38    51 0.62 -
CBM1.hmm             -             29 ABM90986.1           -            461   5.4e-12   41.3  18.9   2   4       1.9   8.4e+02   -4.1   0.4    15    22    81    88    80    90 0.72 -
CBM1.hmm             -             29 ABM90986.1           -            461   5.4e-12   41.3  18.9   3   4       1.1   4.9e+02   -3.3   0.4    14    22   239   246   237   251 0.64 -
CBM1.hmm             -             29 ABM90986.1           -            461   5.4e-12   41.3  18.9   4   4   1.2e-14   5.4e-12   41.3  18.9     1    29   429   457   429   457 0.99 -
GH7.hmm              -            415 AAA34212.1           -            459  1.8e-138  457.4  12.5   1   1  7.7e-141  3.4e-138  456.5  12.5     1   414    24   393    24   394 0.95 -
CBM1.hmm             -             29 AAA34212.1           -            459   1.4e-12   43.2  17.5   1   4       1.1   4.6e+02   -3.2   0.5    15    23    40    48    38    51 0.52 -
CBM1.hmm             -             29 AAA34212.1           -            459   1.4e-12   43.2  17.5   2   4       1.9   8.4e+02   -4.1   0.4    15    22    81    88    80    90 0.72 -
CBM1.hmm             -             29 AAA34212.1           -            459   1.4e-12   43.2  17.5   3   4       1.1   4.8e+02   -3.3   0.4    14    22   239   246   237   251 0.64 -
CBM1.hmm             -             29 AAA34212.1           -            459   1.4e-12   43.2  17.5   4   4   3.1e-15   1.4e-12   43.2  17.5     1    29   427   455   427   455 0.99 -
GH7.hmm              -            415 EGR44817.1           -            514  2.7e-185  611.6  19.1   1   1  1.2e-187  3.4e-185  611.3  19.1     2   414    20   447    19   448 0.98 -
CBM1.hmm             -             29 EGR44817.1           -            514   1.2e-15   53.0   8.1   1   4     0.024         7    2.6   1.9    15    25    35    45    33    46 0.89 -
CBM1.hmm             -             29 EGR44817.1           -            514   1.2e-15   53.0   8.1   2   4       1.4     4e+02   -3.1   1.8     7    22    70    84    64    87 0.57 -
CBM1.hmm             -             29 EGR44817.1           -            514   1.2e-15   53.0   8.1   3   4       1.5   4.3e+02   -3.1   0.1    19    28   224   233   223   233 0.71 -
CBM1.hmm             -             29 EGR44817.1           -            514   1.2e-15   53.0   8.1   4   4     4e-18   1.2e-15   53.0   8.1     1    29   482   510   482   510 0.99 -
GH31_15.hmm          -            426 EGR44817.1           -            514    0.0072   10.7   0.0   1   1   3.8e-05     0.011   10.0   0.0    63   100    49    86    44    95 0.91 -
GH7.hmm              -            415 ACF93800.1           -            505  9.8e-184  606.5  19.5   1   1  2.7e-186  1.2e-183  606.2  19.5     1   413    19   442    19   444 0.98 -
CBM1.hmm             -             29 ACF93800.1           -            505   2.6e-15   51.9   7.0   1   6       1.5   6.6e+02   -3.7   1.2    16    23    36    42    33    45 0.47 -
CBM1.hmm             -             29 ACF93800.1           -            505   2.6e-15   51.9   7.0   2   6      0.42   1.9e+02   -2.0   1.4     7    24    69    85    64    86 0.67 -
CBM1.hmm             -             29 ACF93800.1           -            505   2.6e-15   51.9   7.0   3   6      0.96   4.2e+02   -3.1   0.1    19    28   220   229   219   229 0.71 -
CBM1.hmm             -             29 ACF93800.1           -            505   2.6e-15   51.9   7.0   4   6         2   8.8e+02   -4.3   0.5     5     8   256   259   255   262 0.84 -
CBM1.hmm             -             29 ACF93800.1           -            505   2.6e-15   51.9   7.0   5   6      0.72   3.1e+02   -2.7   0.1     8    14   332   338   332   343 0.86 -
CBM1.hmm             -             29 ACF93800.1           -            505   2.6e-15   51.9   7.0   6   6   5.9e-18   2.6e-15   51.9   7.0     1    29   473   501   473   501 0.98 -
GH7.hmm              -            415 AAQ21382.1           -            459  4.1e-138  456.2  12.3   1   1  1.7e-140  7.7e-138  455.3  12.3     1   414    24   393    24   394 0.95 -
CBM1.hmm             -             29 AAQ21382.1           -            459   1.4e-12   43.2  17.5   1   4       1.1   4.6e+02   -3.2   0.5    15    23    40    48    38    51 0.52 -
CBM1.hmm             -             29 AAQ21382.1           -            459   1.4e-12   43.2  17.5   2   4       1.9   8.4e+02   -4.1   0.4    15    22    81    88    80    90 0.72 -
CBM1.hmm             -             29 AAQ21382.1           -            459   1.4e-12   43.2  17.5   3   4       1.1   4.8e+02   -3.3   0.4    14    22   239   246   237   251 0.64 -
CBM1.hmm             -             29 AAQ21382.1           -            459   1.4e-12   43.2  17.5   4   4   3.1e-15   1.4e-12   43.2  17.5     1    29   427   455   427   455 0.99 -
GH7.hmm              -            415 AAQ76092.1           -            514  3.9e-184  607.8  18.4   1   1  1.7e-186  4.9e-184  607.5  18.4     2   413    20   446    19   448 0.98 -
CBM1.hmm             -             29 AAQ76092.1           -            514   1.2e-15   53.0   8.1   1   4     0.024         7    2.6   1.9    15    25    35    45    33    46 0.89 -
CBM1.hmm             -             29 AAQ76092.1           -            514   1.2e-15   53.0   8.1   2   4       1.4     4e+02   -3.1   1.8     7    22    70    84    64    87 0.57 -
CBM1.hmm             -             29 AAQ76092.1           -            514   1.2e-15   53.0   8.1   3   4       1.5   4.3e+02   -3.1   0.1    19    28   224   233   223   233 0.71 -
CBM1.hmm             -             29 AAQ76092.1           -            514   1.2e-15   53.0   8.1   4   4     4e-18   1.2e-15   53.0   8.1     1    29   482   510   482   510 0.99 -
GH31_15.hmm          -            426 AAQ76092.1           -            514    0.0072   10.7   0.0   1   1   3.8e-05     0.011   10.0   0.0    63   100    49    86    44    95 0.91 -
GH7.hmm              -            415 BAA36215.1           -            514  2.8e-184  608.3  17.7   1   1  1.2e-186  3.5e-184  608.0  17.7     2   414    20   447    19   448 0.98 -
CBM1.hmm             -             29 BAA36215.1           -            514   5.3e-16   54.1   7.8   1   5     0.024         7    2.6   1.9    15    25    35    45    33    46 0.89 -
CBM1.hmm             -             29 BAA36215.1           -            514   5.3e-16   54.1   7.8   2   5       1.4     4e+02   -3.1   1.8     7    22    70    84    64    87 0.57 -
CBM1.hmm             -             29 BAA36215.1           -            514   5.3e-16   54.1   7.8   3   5       1.5   4.3e+02   -3.1   0.1    19    28   224   233   223   233 0.71 -
CBM1.hmm             -             29 BAA36215.1           -            514   5.3e-16   54.1   7.8   4   5         3   8.8e+02   -5.5   3.4     5    12   260   266   258   278 0.68 -
CBM1.hmm             -             29 BAA36215.1           -            514   5.3e-16   54.1   7.8   5   5   1.8e-18   5.3e-16   54.1   7.8     1    29   482   510   482   510 0.99 -
GH31_15.hmm          -            426 BAA36215.1           -            514    0.0072   10.7   0.0   1   1   3.7e-05     0.011   10.1   0.0    63   100    49    86    44    96 0.91 -
#
# Program:         hmmscan
# Version:         3.4 (Aug 2023)
# Pipeline mode:   SCAN
# Query file:      GH7.faa
# Target file:     /home/ubuntu/storage/thesis/data/dbcan/dbCAN.hmm
# Option settings: /tmp/tmptoprwvi6_hmmscan --domtblout GH7_dom.tbl --cpu 8 /home/ubuntu/storage/thesis/data/dbcan/dbCAN.hmm GH7.faa 
# Current dir:     /home/ubuntu/storage/thesis/GH_families/preparing_hmmer_profiles
# Date:            Sat Apr 18 11:06:33 2026
# [ok]
