190192
1927912
694429
1609559
35616
2309
190192
39456
54256
415426
529709
2262
178306
74610
186497
46540
2278
384616
53953
272844
52001
999630
342949
410359
340102
523851
1505907
46539
69014
70771
583356
1104324
399550
453591
54259
940294
985052
160232
698757
94694
1227648
1273541
2181
1198449
2275
54257
70771
12915
768679
523846
1806371
593117
523849
187879
187880
195522
368408
2714
224324
207809
391623
1184251
71997
71998
2016361
246969
73007
1128108
697581
933801
87734
110163
163003
277988
49900
2264
765177
1702097
71280
72803
477696
644281
105851
69656
54077
999894
113653
880724
573063
243232
582419
84597
1432656
572478
227597
572546
589924
591019
633148
139207
155321
90909
1550241
397948
867916
867917
2287
795359
666510
2049879
1301915
273057
1069083
2287
282676
1343739
523850
49899
243274
309803
521460
2016373
310769
1712654
1123384
498846
1293586
411357
411358
94694
932678
138903
579137
41675
638303
83868
224325
390874
1008305
604354
240167
2287
490899
2283
1028566
2283
213231
523848
523848
573064
590168
48383
1577684
565033
1302351
1891280
555311
111955
207243
227598
92642
608506
54076
693661
381751
240166
345592
330779
1508419
274
29323
1163730
1170224
282676
273057
1344584
399549
688269
373054
647171
619593
56956
2586643
301953
444093
444091
62609
632348
126740
448141
496831
273063
309799
644966
936138
648996
171869
119072
387631
380763
43687
1028567
632518
309805
276
1056495
223788
240169
633813
90323
90323
348842
694059
911092
471223
175696
64160
391009
680118
1293036
88190
532059
456163
206045
520764
351627
667014
289377
771875
2082189
29344
153832
381764
44754
2704
133270
238991
238991
651457
1045764
88189
632292
2423
548918
324602
554949
271
540988
608538
246194
580331
106578
412593
317015
159723
304736
1330330
1516
632516
266825
74714
301953
33938
235909
933949
1757
246264
484019
1653476
48382
551788
518766
482827
429009
439481
309801
79269
1167092
555079
291989
159731
1422
1495650
937334
583357
2547829
403219
883812
660294
117503
660294
117503
182900
407998
1532350
41673
146920
39100
447594
380685
380685
309798
525904
38322
581103
581103
1234664
699281
1914305
1462921
1462921
501340
83982
1006006
47303
671077
874266
2509362
337094
1936021
416591
2045011
872965
1430331
33957
41211
647113
42471
33950
500465
1279027
1108801
1016997
576944
498375
1566
2058097
54265
732235
732234
29350
145261
161154
1427520
460873
204536
171864
869211
869279
1125966
198703
869210
160792
44256
2325
120958
1897098
348840
491915
944479
447593
1323375
135517
1508420
694431
1324935
1330700
1401547
496866
1670455
34092
213419
511051
693075
145263
187420
2186
443254
1469144
1214928
661089
870242
441616
676965
1122241
1266720
1226730
520767
289376
1033300
1874277
1382356
54294
405212
639282
206249
171121
108007
1449080
89784
1156395
1094508
858215
1111068
153151
1173302
301148
880073
1121300
515264
1323370
285110
152526
570855
185139
873078
504728
1930763
86166
1573172
744873
281456
182411
81408
169283
33940
198467
1424653
389480
411923
515440
1525
351607
575178
651866
674972
1548890
1096341
2224
291048
1565
142584
172827
1938353
79270
227476
2078954
265546
1245522
409997
454194
1294262
1294262
392844
1426
634956
198467
3039167
1750597
1246530
1515
373903
261685
670487
178899
580340
53342
278994
1742923
242698
128945
715028
267990
1392640
1392641
1003997
404937
85993
201973
456330
265546
265470
273116
1123352
317575
311460
265948
150248
47490
581036
172827
42448
116090
523845
186116
186116
933063
294699
1081799
1868734
247480
311460
296745
650508
568790
213806
53573
1677857
688066
2224
498371
1229250
190967
287990
301141
665105
46632
46632
266117
35837
2026184
227924
55505
235932
69499
201975
1495039
49896
1089553
55779
94009
720554
166485
1473580
697197
1236215
58136
891968
604332
307124
1571185
264732
197221
1006576
192387
252246
562970
360411
129339
203540
1245521
1204385
859243
926550
108819
768670
213224
630405
223786
545536
1325125
1679721
2200
349307
217041
646273
387092
927786
370438
106262
204046
28237
1674942
471799
649746
526227
52022
573074
1382306
990712
760142
747365
1304284
95159
394967
1707527
108328
1248146
1242148
1702242
2493090
114249
40991
1281767
1750598
1644118
1644115
1173111
1471761
996765
471852
115335
58112
2020
1169913
1519374
507754
2734
469371
51173
109258
112729
564288
436000
230470
353224
273075
1434121
76633
79271
1936991
312540
312540
1289106
698948
610254
1564487
73780
29376
1324956
696763
279810
1035120
285106
29372
5087
717605
1247960
203471
370323
209537
122960
288966
232270
926569
1325335
1471
337097
1393122
326427
908809
391358
307483
1856807
380392
218205
224436
1441386
1041930
431057
1293048
1033264
412895
156203
367742
720633
1245527
471857
608505
557451
1120986
869805
643648
65552
1329516
340095
981385
176598
1852309
1101373
307486
1191523
392012
392015
392016
28034
1450156
879970
876478
364032
340097
1411133
159343
335431
2601677
1348429
209285
2588716
332249
225988
1245523
996558
1274353
1215031
251051
1245525
1242744
1378066
420412
376175
392842
392421
121872
1927129
58137
1216062
214905
2016530
884107
1469162
1088767
52023
52023
1274356
1490296
1445971
213588
697281
478105
204470
392014
86665
470864
627231
1076937
910412
224999
28565
5541
2588941
1490292
1485588
2078952
1178786
206665
1334192
706427
1494606
1383816
269800
380174
1383067
28235
1848
2707016
44252
89367
2171751
2565931
1776164
5088
415230
1707952
525903
1215385
105483
981222
667306
1806172
286152
644383
1765737
78554
110101
1073253
368624
33942
191027
301967
1285191
85995
1189325
1775544
269259
62320
768533
884155
1050
929101
229731
457570
35701
745377
759415
64713
2248
295419
1546155
1110
157784
45157
2771
370324
156202
403191
1470181
759412
182773
182455
229919
105229
227865
1147123
655338
520762
196588
1416969
519442
35745
177400
385682
882090
523844
123783
1833852
886292
28234
383372
1933902
571898
264951
1627895
403181
1236180
78579
392010
1450
1962263
403181
1042953
1555112
438856
267746
1658519
747076
863370
1490290
2184083
319795
332524
1230460
1452450
90970
1715347
1586233
489913
355548
2257
61858
1114856
1033806
699433
1017351
591197
2163
351160
419665
204050
1715806
1679091
68911
1452487
672459
227138
671092
1478153
1411117
1411118
547461
2707049
1341696
1273429
360241
2588942
321763
302484
47959
392011
488549
489913
1125967
278990
1642702
68825
72144
390806
767519
2675099
29283
1917811
2054627
2054628
516051
553469
1758255
128
278991
1553448
488547
996115
1394850
598659
159849
2017
342666
253107
182779
1457
717231
265429
2588717
1679083
1679076
88724
68910
1004304
1186196
1562698
1475481
1097
33059
929
2587410
405
396317
368623
444162
265477
381852
1109010
97393
97393
478009
1031594
74386
2041189
33906
90970
1325932
1325931
1187080
43776
1193105
489913
1407499
63129
29283
1334262
1236046
1434108
536044
1586232
348826
1642646
185696
714067
1972068
1348092
83986
60454
1134406
1592317
2004704
1526162
1076695
441119
225406
408753
36850
489911
85450
44470
768534
869890
503834
1678448
2583990
515814
503170
2665495
1502
1485585
521158
1197874
413810
121872
558529
29283
1202768
413812
1052014
1306154
1485586
1082276
223384
1475485
1027249
393087
411959
1812810
1798155
1798157
1798158
114628
2562278
1312905
700500
483547
42859
51589
1367881
1198301
1547897
890420
42419
36738
60847
555874
2175149
869891
1267564
1048396
376415
35743
119434
63740
72612
1463631
1487865
1395169
1655277
1851175
135740
1082479
1850348
1308
1571184
1485204
2075419
165813
419665
1765684
2246
307643
237684
36842
47854
2052941
1380675
1670458
392413
627618
1333998
915180
516123
39664
293256
644790
1232219
73781
1034015
160404
1680761
546108
1384639
175632
341036
425254
1675686
732237
333146
5763
349931
253108
1630166
1897628
200616
35825
204285
5041
29282
293091
268735
256826
642589
1179467
393657
545502
54121
869886
869889
2707018
110505
1397668
47055
76489
116085
410072
33043
2162
864069
29313
364901
1661150
129338
568899
930124
571932
1133106
1417629
1424294
1211322
376490
218206
1721088
1721087
57732
28442
367189
1046043
957042
2033802
1897629
2029849
944671
1615586
710191
483896
83983
2205
1682650
1930624
1263547
1460447
1940533
1087
1086
407019
424188
1482737
1709001
42879
523842
81417
1534102
481366
2201
1732
489912
425468
36812
425942
69540
299308
230356
933068
54120
2315
60695
135083
332175
1562603
272557
697581
1132497
55802
1674923
1200300
555311
2287
2689387
126740
425944
429572
1132497
1132497
930945
439386
515635
56957
1510
1111107
37636
573062
573062
49339
357808
419942
375896
941639
145262
49340
49341
635013
479434
766760
223182
644295
1052
53635
1131473
78579
679936
1053
39669
2587388
697303
1563981
420335
477278
547143
547144
547146
380749
35835
581103
1120320
1887325
481448
195750
749414
272
116039
42735
